id,total_emp,basic_emp,retail_emp,service_emp,n_HHs,hbo_attr,hbw_attr,nhb_attr,total_attr,car_access,no_car_access
390599780003119,0,0,0,0,1,0.7,0,0.6,1.3,22107.516115492406,3.585738789029238
390599775003008,0,0,0,0,19,13.3,0,11.4,24.7,103524.57183461732,22775.390255529343
390599780003062,0,0,0,0,5,3.5,0,3,6.5,32301.958973823374,147.0599530172828
390599772003000,0,0,0,0,1,0.7,0,0.6,1.3,39837.18880724795,1.390916000412324
390599780003041,0,0,0,0,5,3.5,0,3,6.5,19525.56836280633,6.988868890035156
390599774003036,0,0,0,0,16,11.2,0,9.6,20.8,103611.6841239808,20250.414625842644
390599774003011,6,0,0,6,4,23.8,7.2,10.8,41.8,102936.54185783719,17689.482832126843
390599779001052,0,0,0,0,6,4.2,0,3.6,7.8,103444.9605314307,4666.476574716823
390599777001092,0,0,0,0,8,5.6,0,4.8,10.4,101086.9552013485,88.40789109665556
390599776001000,7,4,0,3,42,42.7,8.4,31.4,82.5,101614.29776943404,1801.2595525962954
390599777002056,13,0,9,4,30,110.6,15.6,65.9,192.1,97322.20625095567,212.9237021062169
390599778001066,0,0,0,0,4,2.8,0,2.4,5.2,96452.15024101172,484.25692528772197
390599773001031,0,0,0,0,4,2.8,0,2.4,5.2,103787.55301208042,1181.6492159147238
390599779004000,11,8,0,3,1,16.8,13.2,8.8,38.8,104288.1255972771,3480.502952581908
390599778002009,0,0,0,0,9,6.3,0,5.4,11.7,94614.7430789939,26.362361319053456
390599771002139,0,0,0,0,5,3.5,0,3,6.5,98382.33460779402,159.3472039791826
390599778003023,0,0,0,0,5,3.5,0,3,6.5,35029.64806078952,31.290245834340556
390599776002046,0,0,0,0,5,3.5,0,3,6.5,104547.33268411986,27261.630555239553
390599777003042,0,0,0,0,1,0.7,0,0.6,1.3,101004.05207852554,104.65599929115689
390599777003038,0,0,0,0,1,0.7,0,0.6,1.3,103110.11561566078,190.33773553942638
390599779002044,7,0,7,0,16,70,8.4,42.5,120.9,103426.14768522624,4296.130563261513
390599779004035,0,0,0,0,2,1.4,0,1.2,2.6,94983.97560602371,11.188505741019117
390599772004063,0,0,0,0,3,2.1,0,1.8,3.9,92926.81125696274,196.56197348267418
390599774003014,0,0,0,0,4,2.8,0,2.4,5.2,103223.44157386753,13413.017655193347
390599776002050,0,0,0,0,8,5.6,0,4.8,10.4,104305.87522704942,29260.4956197759
390599774003019,0,0,0,0,1,0.7,0,0.6,1.3,103469.59423512567,16138.649716088643
390599780001065,0,0,0,0,20,14,0,12,26,94054.34956135416,28.53559554965612
390599772003067,0,0,0,0,4,2.8,0,2.4,5.2,44044.976703176326,7.884273865663135
390599772003071,0,0,0,0,1,0.7,0,0.6,1.3,52217.81165590489,29.87728622271752
390599775001012,0,0,0,0,9,6.3,0,5.4,11.7,104429.42728464131,17740.716429040738
390599772002065,0,0,0,0,1,0.7,0,0.6,1.3,99208.14937139189,86.06312386822385
390599774003032,0,0,0,0,10,7,0,6,13,103459.52325664579,18684.228484879182
390599771001107,0,0,0,0,2,1.4,0,1.2,2.6,50772.608885230366,8.95853194730957
390599773003030,25,0,0,25,4,90.3,30,37.4,157.7,103803.4072458048,17769.998494934916
390599773003032,0,0,0,0,6,4.2,0,3.6,7.8,104103.57353947994,21894.751765245343
390599779002040,0,0,0,0,1,0.7,0,0.6,1.3,103742.28558278857,4078.2359880911145
390599772002030,0,0,0,0,1,0.7,0,0.6,1.3,73963.45402391154,19.090636095824706
390599771003101,0,0,0,0,6,4.2,0,3.6,7.8,44163.44638619636,109.63229573207254
390599771002095,0,0,0,0,2,1.4,0,1.2,2.6,33617.75268780114,6.531454755215327
390599777002024,0,0,0,0,32,22.4,0,19.2,41.6,89828.40200692594,40.98560693876238
390599780003006,0,0,0,0,6,4.2,0,3.6,7.8,85336.39569667143,64.80633172076082
390599775004014,39,0,33,6,12,306.6,46.8,170.7,524.1,103971.62946954482,22230.54608990508
390599778004042,0,0,0,0,1,0.7,0,0.6,1.3,94136.95528805019,490.66603972662887
390599775001021,0,0,0,0,12,8.4,0,7.2,15.6,104415.83577487383,20585.506380008883
390599773001024,0,0,0,0,8,5.6,0,4.8,10.4,102862.00338682243,2285.2519012625894
390599772003002,0,0,0,0,3,2.1,0,1.8,3.9,30585.564826903057,10.659874028537821
390599771004021,3,0,0,3,12,18.9,3.6,11.4,33.9,40898.76055655228,649.7085679937164
390599775004003,1,0,0,1,16,14.7,1.2,11,26.9,104015.81162331441,21508.19358643967
390599772002040,0,0,0,0,6,4.2,0,3.6,7.8,65143.20463096041,7.972284112946578
390599772004086,0,0,0,0,16,11.2,0,9.6,20.8,98324.82520282471,775.3323017888047
390599775002024,0,0,0,0,7,4.9,0,4.2,9.1,103535.9393444034,19179.27075737209
390599777002010,12,0,4,8,8,67.2,14.4,34.8,116.4,101418.04705487064,390.2799477504835
390599771004013,0,0,0,0,1,0.7,0,0.6,1.3,13493.158287058666,148.83650829214736
390599771001099,0,0,0,0,2,1.4,0,1.2,2.6,87404.05301204401,62.18947448272999
390599774001008,0,0,0,0,6,4.2,0,3.6,7.8,98576.79029231876,3241.4232655125347
390599774002018,11,0,0,11,7,43.4,13.2,19.6,76.2,102542.5009462253,9370.977885292847
390599771002008,0,0,0,0,6,4.2,0,3.6,7.8,14844.519104274323,24.219671925844334
390599772004021,0,0,0,0,3,2.1,0,1.8,3.9,97681.93229512428,18.953741140945887
390599774003050,0,0,0,0,7,4.9,0,4.2,9.1,103952.6715598105,18503.724157032604
390599780001045,24,0,0,24,12,92.4,28.8,40.8,162,78575.99793349867,182.64986579952563
390599772003041,0,0,0,0,4,2.8,0,2.4,5.2,47127.680878079016,12.200079586924911
390599780004053,0,0,0,0,3,2.1,0,1.8,3.9,99267.03853756169,401.0788523573138
390599779003011,6,0,0,6,17,32.9,7.2,18.6,58.7,103271.0191134228,3651.6589919506005
390599774003051,0,0,0,0,6,4.2,0,3.6,7.8,104018.27726996917,19352.935350376887
390599773001015,0,0,0,0,3,2.1,0,1.8,3.9,101785.50901035876,1663.292564853841
390599780001023,0,0,0,0,3,2.1,0,1.8,3.9,97439.4117735611,4.661299802264065
390599772004030,0,0,0,0,3,2.1,0,1.8,3.9,89131.42125218363,15.19369610747998
390599778003061,0,0,0,0,3,2.1,0,1.8,3.9,95207.01076852041,462.4180759515883
390599776003017,0,0,0,0,12,8.4,0,7.2,15.6,103540.0306733219,3744.5518749574876
390599775001006,0,0,0,0,2,1.4,0,1.2,2.6,104313.18624303263,15796.517923707268
390599778002023,0,0,0,0,5,3.5,0,3,6.5,101693.63825654617,333.5795710446771
390599771002023,0,0,0,0,1,0.7,0,0.6,1.3,19904.545587408167,1.4130014026383073
390599773003033,0,0,0,0,3,2.1,0,1.8,3.9,103927.20363047339,22467.913842654136
390599778004022,0,0,0,0,2,1.4,0,1.2,2.6,100797.89807721737,250.8385939819722
390599771003088,0,0,0,0,5,3.5,0,3,6.5,9875.087544430904,9.469682126056018
390599774003042,0,0,0,0,5,3.5,0,3,6.5,103340.9883117846,15426.969444263339
390599775001002,0,0,0,0,3,2.1,0,1.8,3.9,104142.37516405017,14219.385653213505
390599774002010,0,0,0,0,13,9.1,0,7.8,16.9,102335.66192091235,6621.026920145909
390599771001026,0,0,0,0,2,1.4,0,1.2,2.6,22747.274604708928,5.306080238777708
390599775004002,0,0,0,0,25,17.5,0,15,32.5,103957.96045260716,22865.5965851695
390599772001063,0,0,0,0,2,1.4,0,1.2,2.6,51719.56456603122,3.220508476881682
390599772001044,0,0,0,0,3,2.1,0,1.8,3.9,3621.882362726347,7.3836787696033275
390599773002062,0,0,0,0,12,8.4,0,7.2,15.6,103585.97300245892,18729.3438228211
390599776002014,94,0,0,94,1,329.7,112.8,132.2,574.7,104284.6896324876,23529.383612672616
390599779002022,233,113,0,120,12,507.5,279.6,231.7,1018.8,96954.87850171649,1657.3792098627237
390599780001063,0,0,0,0,13,9.1,0,7.8,16.9,76100.55437201247,31.86369584432611
390599774001036,0,0,0,0,23,16.1,0,13.8,29.9,98479.8597487907,5135.913991523408
390599774001019,0,0,0,0,2,1.4,0,1.2,2.6,88477.4344377505,20.945826251161225
390599773003034,14,0,0,14,3,51.1,16.8,21.4,89.3,103931.40873660854,23385.278929437576
390599780003072,0,0,0,0,5,3.5,0,3,6.5,33561.440977202976,5.999980820978735
390599771003068,0,0,0,0,1,0.7,0,0.6,1.3,63246.67088546257,71.09120954528457
390599779004029,0,0,0,0,8,5.6,0,4.8,10.4,103833.52615757908,3247.661815724686
390599774001045,0,0,0,0,36,25.2,0,21.6,46.8,100756.87323978594,375.4719924538585
390599779003007,0,0,0,0,3,2.1,0,1.8,3.9,104003.49763060581,4525.439598852684
390599771004038,0,0,0,0,4,2.8,0,2.4,5.2,38352.538545975076,654.7744397186981
390599772004082,0,0,0,0,5,3.5,0,3,6.5,93973.5807736869,13.741438596466052
390599780001024,0,0,0,0,6,4.2,0,3.6,7.8,103241.92766339576,12368.552886026073
390599778002024,0,0,0,0,9,6.3,0,5.4,11.7,101631.15090808646,321.7374605330104
390599775002033,0,0,0,0,25,17.5,0,15,32.5,103286.98221867783,18911.785083944764
390599777001013,0,0,0,0,3,2.1,0,1.8,3.9,104127.51383020626,763.1616581564489
390599772003056,0,0,0,0,1,0.7,0,0.6,1.3,58235.77087169278,8.198813846017675
390599772002001,0,0,0,0,1,0.7,0,0.6,1.3,39042.81757302301,0.9999945715573404
390599774002014,13,0,0,13,7,50.4,15.6,22.4,88.4,103401.919837936,11085.616743437315
390599778001059,6,6,0,0,21,18.9,7.2,15.6,41.7,78935.51740353297,48.833571940856395
390599772001038,0,0,0,0,24,16.8,0,14.4,31.2,23761.968819546204,31.038890170254877
390599771001025,2,0,0,2,4,9.8,2.4,5.2,17.4,14693.89152132171,17.33587163933995
390599779002042,0,0,0,0,1,0.7,0,0.6,1.3,103759.20925542875,4337.713002087563
390599772002096,0,0,0,0,9,6.3,0,5.4,11.7,68048.9855946537,11.04030491849237
390599779004028,0,0,0,0,9,6.3,0,5.4,11.7,103729.63638024262,2503.482367214869
390599777001038,0,0,0,0,3,2.1,0,1.8,3.9,103279.21425286318,648.430712930841
390599771002123,0,0,0,0,15,10.5,0,9,19.5,85453.62149804788,106.22372631792561
390599771003061,5,0,0,5,3,19.6,6,8.8,34.4,52066.06815038652,111.61410975074008
390599775003011,0,0,0,0,11,7.7,0,6.6,14.3,103957.55321758332,22615.09012281983
390599775003012,0,0,0,0,6,4.2,0,3.6,7.8,104051.03627545529,23868.091405852552
390599776002049,0,0,0,0,8,5.6,0,4.8,10.4,104564.4658223371,28673.10770280755
390599774003031,0,0,0,0,16,11.2,0,9.6,20.8,103213.13226068506,20206.76012418301
390599772002004,0,0,0,0,8,5.6,0,4.8,10.4,23012.270952004324,9.999063591805733
390599776003006,0,0,0,0,11,7.7,0,6.6,14.3,102680.26168106208,5016.952998447964
390599771001060,0,0,0,0,2,1.4,0,1.2,2.6,91445.02092351938,127.04333268647585
390599772002017,0,0,0,0,4,2.8,0,2.4,5.2,5141.565901314481,6.134296184420057
390599780001022,0,0,0,0,41,28.7,0,24.6,53.3,93561.76543957036,68.82143247060614
390599771001037,0,0,0,0,8,5.6,0,4.8,10.4,9387.935381189815,10.144888795179615
390599771002063,0,0,0,0,5,3.5,0,3,6.5,96555.84823375178,629.8430415961817
390599778004005,32,32,0,0,9,28.7,38.4,21.4,88.5,44851.59576444892,88.02463848301416
390599773003053,131,44,0,87,1,336,157.2,144.4,637.6,103477.49621421365,11433.801340693897
390599772002039,0,0,0,0,1,0.7,0,0.6,1.3,67552.22356025806,9.90925150226444
390599779002006,0,0,0,0,11,7.7,0,6.6,14.3,103297.40708394418,3559.955148085511
390599777002039,0,0,0,0,2,1.4,0,1.2,2.6,103026.1119457846,674.0138313771396
390599774001001,0,0,0,0,6,4.2,0,3.6,7.8,90388.05060314824,26.10921516750479
390599772003048,0,0,0,0,6,4.2,0,3.6,7.8,58367.3624550847,25.336369957913607
390599777002002,3,3,0,0,2,3.5,3.6,2.7,9.8,94133.25539359248,13.44510723867408
390599778004026,0,0,0,0,11,7.7,0,6.6,14.3,96521.6309149342,226.73475295170292
390599771003066,0,0,0,0,3,2.1,0,1.8,3.9,60172.79572760123,18.310920967466913
390599776002025,120,0,63,57,1,729.4,144,376.5,1249.9,104897.35325678281,28402.60033733178
390599779004044,0,0,0,0,2,1.4,0,1.2,2.6,102155.98759120223,1403.156333078797
390599772004068,0,0,0,0,7,4.9,0,4.2,9.1,98936.98722319589,761.1827320532351
390599773001029,0,0,0,0,7,4.9,0,4.2,9.1,103832.195160332,1242.3282811583856
390599777003027,0,0,0,0,6,4.2,0,3.6,7.8,103272.29647776323,104.72634337731178
390599772003028,0,0,0,0,10,7,0,6,13,28749.54062571651,15.927485356045306
390599776002003,82,33,0,49,76,247.8,98.4,130.7,476.9,104469.95692013725,25463.46564498743
390599776003048,0,0,0,0,9,6.3,0,5.4,11.7,103413.77008178976,7405.595940516296
390599778001007,0,0,0,0,2,1.4,0,1.2,2.6,100080.70667303314,56.761341002281775
390599778003048,0,0,0,0,1,0.7,0,0.6,1.3,92253.5892587585,113.92590260285941
390599780002011,0,0,0,0,8,5.6,0,4.8,10.4,84503.41979433844,61.59492721146384
390599776002034,22,1,1,20,10,86.1,26.4,39.2,151.7,104956.9504001552,29358.789367393925
390599778001006,0,0,0,0,14,9.8,0,8.4,18.2,88036.11671168663,17.993518203454215
390599772004003,1,1,0,0,37,26.6,1.2,22.7,50.5,91137.98269567908,61.806330346113945
390599779001033,0,0,0,0,11,7.7,0,6.6,14.3,102563.38608955753,2477.7880236257333
390599778003066,0,0,0,0,4,2.8,0,2.4,5.2,90097.33702767597,102.86473621538151
390599775002023,0,0,0,0,16,11.2,0,9.6,20.8,103782.61055355721,20927.629010074874
390599779001068,30,0,0,30,7,109.9,36,46.2,192.1,104085.37216063854,4677.491371551053
390599771001070,0,0,0,0,5,3.5,0,3,6.5,88582.60710722645,21.017915858279125
390599780004050,0,0,0,0,5,3.5,0,3,6.5,98429.01847769922,377.3615442308558
390599771004017,5,0,5,0,1,42.7,6,24.1,72.8,26281.77935349719,606.3720203412669
390599772004055,0,0,0,0,3,2.1,0,1.8,3.9,93831.39884447322,42.4625632388277
390599775003014,0,0,0,0,12,8.4,0,7.2,15.6,104143.78123035908,23915.824357997422
390599774003027,6,0,0,6,9,27.3,7.2,13.8,48.3,103514.38859547123,18137.39435040312
390599775001009,0,0,0,0,4,2.8,0,2.4,5.2,104143.21910672821,16752.852022984967
390599772002045,0,0,0,0,2,1.4,0,1.2,2.6,81789.68138088925,26.566343119845886
390599771004040,0,0,0,0,3,2.1,0,1.8,3.9,9821.923198685015,12.347616313522149
390599775003010,0,0,0,0,1,0.7,0,0.6,1.3,103716.4418095235,22318.769731079163
390599778004041,0,0,0,0,10,7,0,6,13,92170.00854104223,422.03291864800434
390599778001049,0,0,0,0,1,0.7,0,0.6,1.3,103776.30073223563,1233.610717034105
390599778001060,0,0,0,0,4,2.8,0,2.4,5.2,91350.42748470453,12.248928118653884
390599778004043,0,0,0,0,5,3.5,0,3,6.5,96932.08912978169,503.88534659252963
390599778004061,0,0,0,0,6,4.2,0,3.6,7.8,97264.79653729202,508.41574274498925
390599773002024,0,0,0,0,83,58.1,0,49.8,107.9,103025.32104832001,8984.490706215836
390599774001048,0,0,0,0,9,6.3,0,5.4,11.7,103048.05029642225,6679.695325741425
390599772003080,0,0,0,0,5,3.5,0,3,6.5,67635.62232260649,11.466121535469995
390599779002037,0,0,0,0,6,4.2,0,3.6,7.8,103683.8323811262,4166.691331445297
390599777001005,0,0,0,0,5,3.5,0,3,6.5,79359.72978080924,15.288530417928705
390599776003047,0,0,0,0,3,2.1,0,1.8,3.9,103556.59539417464,9194.732966414287
390599777003009,0,0,0,0,1,0.7,0,0.6,1.3,96447.95094758425,19.25914395215367
390599772002046,0,0,0,0,3,2.1,0,1.8,3.9,55966.31031534121,9.20521522386633
390599778004021,14,3,0,11,10,47.6,16.8,22.9,87.3,98691.20231003345,230.0570046635792
390599779004004,0,0,0,0,7,4.9,0,4.2,9.1,104416.11248628168,4123.692623740191
390599778004001,0,0,0,0,1,0.7,0,0.6,1.3,93070.51557192189,29.589974355530643
390599772001045,0,0,0,0,1,0.7,0,0.6,1.3,10798.705894901197,11.574551410262671
390599772001064,0,0,0,0,3,2.1,0,1.8,3.9,39703.92384401703,11.871118593930207
390599779003019,0,0,0,0,6,4.2,0,3.6,7.8,103173.41199971599,4434.392284479288
390599780002014,0,0,0,0,11,7.7,0,6.6,14.3,73544.73672939044,19.0511304370375
390599771002084,0,0,0,0,5,3.5,0,3,6.5,16583.23482456917,6.009286838551312
390599778001040,2,2,0,0,11,9.1,2.4,7.6,19.1,95065.28048225134,34.923766117429544
390599778002052,0,0,0,0,3,2.1,0,1.8,3.9,102657.65605878728,354.3461632319645
390599780001049,0,0,0,0,7,4.9,0,4.2,9.1,77527.54713417406,11.44184198709398
390599779003010,1,0,0,1,62,46.9,1.2,38.6,86.7,100728.54883734082,1418.9288865262997
390599774003005,0,0,0,0,7,4.9,0,4.2,9.1,103479.78670908812,15905.966507061374
390599778002053,0,0,0,0,4,2.8,0,2.4,5.2,102691.5404019995,351.1696790861499
390599771001057,0,0,0,0,1,0.7,0,0.6,1.3,65409.48479285751,22.14944518389644
390599778004011,0,0,0,0,4,2.8,0,2.4,5.2,99315.77669343998,231.7695635986386
390599778003060,0,0,0,0,3,2.1,0,1.8,3.9,94849.66658153293,474.98745055593724
390599771001076,0,0,0,0,1,0.7,0,0.6,1.3,93826.54327851412,3.975772165699911
390599771002085,0,0,0,0,2,1.4,0,1.2,2.6,15491.648397771927,7.910416095329856
390599780002024,0,0,0,0,2,1.4,0,1.2,2.6,69326.55386049587,4.169365903632791
390599774002017,0,0,0,0,10,7,0,6,13,102663.20069907213,11251.745514463339
390599771001058,0,0,0,0,4,2.8,0,2.4,5.2,52304.596050052474,5.194578868623185
390599773003040,2,0,0,2,3,9.1,2.4,4.6,16.1,103924.87151083296,20818.707488964355
390599774001016,0,0,0,0,1,0.7,0,0.6,1.3,81824.27737025978,7.781451474239475
390599773002053,0,0,0,0,10,7,0,6,13,103899.78382647283,23581.48689496626
390599777001031,0,0,0,0,10,7,0,6,13,102522.75634357675,686.9260427090971
390599780003058,0,0,0,0,25,17.5,0,15,32.5,36987.80804240618,31.99802109561005
390599774002004,0,0,0,0,13,9.1,0,7.8,16.9,102517.56277215693,8860.20220351059
390599772003062,0,0,0,0,2,1.4,0,1.2,2.6,78068.12973880267,24.57030423856407
390599773003024,0,0,0,0,4,2.8,0,2.4,5.2,101297.09667467607,2172.254212426041
390599773002055,0,0,0,0,6,4.2,0,3.6,7.8,103938.84036462093,24394.7402431749
390599780004019,0,0,0,0,6,4.2,0,3.6,7.8,97491.58824130912,365.9020533381589
390599772002104,0,0,0,0,5,3.5,0,3,6.5,86910.05543652686,13.768859041716295
390599771003083,0,0,0,0,3,2.1,0,1.8,3.9,48681.21333485042,109.9797801723092
390599780003059,0,0,0,0,3,2.1,0,1.8,3.9,14864.348899251343,6.761772997640078
390599780003081,0,0,0,0,18,12.6,0,10.8,23.4,29980.73467346375,268.27478342472756
390599775002035,0,0,0,0,59,41.3,0,35.4,76.7,103897.06609139283,22106.963822273556
390599771001033,0,0,0,0,4,2.8,0,2.4,5.2,25869.28654341005,8.782280224281466
390599771004028,0,0,0,0,14,9.8,0,8.4,18.2,21211.334620785685,618.1775121146123
390599778003002,0,0,0,0,2,1.4,0,1.2,2.6,71204.00651366783,21.927712195606777
390599774003017,0,0,0,0,2,1.4,0,1.2,2.6,103078.07893839423,10106.40186798013
390599771001006,0,0,0,0,1,0.7,0,0.6,1.3,2650.055486974405,6.256149134997159
390599774003038,0,0,0,0,4,2.8,0,2.4,5.2,103741.09821344879,17574.18094170276
390599771004022,0,0,0,0,46,32.2,0,27.6,59.8,34558.29899118571,625.2182514654204
390599778002092,23,0,0,23,7,85.4,27.6,36.4,149.4,98431.52621184911,509.1357297727766
390599778002062,0,0,0,0,12,8.4,0,7.2,15.6,88275.64916668368,46.087659365186234
390599774002016,0,0,0,0,6,4.2,0,3.6,7.8,102515.13185235646,11237.381253809317
390599771003085,0,0,0,0,3,2.1,0,1.8,3.9,53452.61268968907,112.07625450130155
390599771002017,0,0,0,0,1,0.7,0,0.6,1.3,50882.72277173051,11.379452223011416
390599772001058,0,0,0,0,8,5.6,0,4.8,10.4,35048.47908385322,14.905954956496972
390599772004010,0,0,0,0,26,18.2,0,15.6,33.8,73011.69050799255,60.76851652635806
390599772003029,0,0,0,0,13,9.1,0,7.8,16.9,41243.74736203198,41.416830470740386
390599774002008,0,0,0,0,12,8.4,0,7.2,15.6,102249.74932002624,5328.855896772751
390599779004031,0,0,0,0,9,6.3,0,5.4,11.7,102955.78715848498,2792.625068013171
390599772003083,0,0,0,0,6,4.2,0,3.6,7.8,73453.69205981646,11.936576515493531
390599774003025,0,0,0,0,11,7.7,0,6.6,14.3,103424.9679729657,17625.770374706965
390599780001039,0,0,0,0,22,15.4,0,13.2,28.6,96561.514451938,50.357620907895274
390599779001064,0,0,0,0,3,2.1,0,1.8,3.9,103126.62308456165,4293.030286016595
390599776001016,0,0,0,0,6,4.2,0,3.6,7.8,103214.37415148862,5459.148751222881
390599778003013,0,0,0,0,5,3.5,0,3,6.5,43475.63852007223,6.968312854368422
390599778004013,0,0,0,0,3,2.1,0,1.8,3.9,100291.46027171137,261.50466006347676
390599777001028,0,0,0,0,2,1.4,0,1.2,2.6,103856.63458007731,682.7695020932699
390599774001006,0,0,0,0,3,2.1,0,1.8,3.9,79358.261806404407,6.589892815948873
390599771002032,0,0,0,0,24,16.8,0,14.4,31.2,3733.249152199301,31.58002063594987
390599774001033,0,0,0,0,4,2.8,0,2.4,5.2,94913.83801128491,2320.4447180765537
390599771003023,0,0,0,0,17,11.9,0,10.2,22.1,7221.574070991032,21.851394433117544
390599780003077,0,0,0,0,4,2.8,0,2.4,5.2,32996.34842264649,269.30824395085244
390599780003020,0,0,0,0,18,12.6,0,10.8,23.4,76722.23238166343,30.873806796913364
390599773002022,0,0,0,0,10,7,0,6,13,103008.07582591823,4907.244808717755
390599773002068,0,0,0,0,9,6.3,0,5.4,11.7,104010.27421544158,24415.008360356594
390599773003012,0,0,0,0,9,6.3,0,5.4,11.7,103613.72423171514,17855.963307198075
390599773001012,57,0,0,57,173,320.6,68.4,183.6,572.6,100340.0343443785,1487.242279185183
390599771002014,7,0,0,7,2,25.9,8.4,10.999999999999998,45.3,66418.58661371216,69.83803867002136
390599778004035,2,2,0,0,16,12.6,2.4,10.6,25.6,73349.69393411314,245.78021543783717
390599772003038,0,0,0,0,12,8.4,0,7.2,15.6,43460.80909243957,55.38718615143234
390599779002013,6,6,0,0,58,44.8,7.2,37.8,89.8,99662.81834523726,409.9105533647381
390599779004059,0,0,0,0,7,4.9,0,4.2,9.1,103822.52696053861,3381.727276137619
390599776003040,0,0,0,0,28,19.6,0,16.8,36.4,102512.97455845813,2914.8901547514006
390599776003039,0,0,0,0,6,4.2,0,3.6,7.8,103267.39801632882,3249.234175205762
390599773003041,92,0,74,18,3,686.7,110.4,374.8,1171.9,104439.12993302631,16543.121117114184
390599771003015,21,1,20,0,1,169.4,25.2,95.1,289.7,84165.43802616093,290.8832710986557
390599773002069,6,0,0,6,8,26.6,7.2,13.2,47,104080.1012200393,25281.600403980767
390599776003012,0,0,0,0,3,2.1,0,1.8,3.9,103924.46599663963,8932.791171764964
390599772002061,0,0,0,0,5,3.5,0,3,6.5,93572.94656299696,64.08234925722286
390599777003014,0,0,0,0,7,4.9,0,4.2,9.1,93355.50185492303,25.251359059549383
390599773002072,0,0,0,0,9,6.3,0,5.4,11.7,104021.95252697602,23205.11812239782
390599779003035,3,0,0,3,16,21.7,3.6,13.8,39.1,103893.74740334813,4071.6141601497634
390599779001040,0,0,0,0,1,0.7,0,0.6,1.3,103895.62902709046,4367.481624600034
390599777001100,0,0,0,0,7,4.9,0,4.2,9.1,104403.00520093662,819.5368256192143
390599778003031,0,0,0,0,12,8.4,0,7.2,15.6,81829.91322884349,42.58493251959279
390599778003022,0,0,0,0,11,7.7,0,6.6,14.3,17633.841064048996,20.8476862736233
390599771003093,0,0,0,0,2,1.4,0,1.2,2.6,27923.72245391533,23.49701334184745
390599772003087,0,0,0,0,16,11.2,0,9.6,20.8,53254.10212756931,20.544839725604316
390599771002110,0,0,0,0,1,0.7,0,0.6,1.3,65505.99291715559,14.734666925635894
390599774001004,0,0,0,0,2,1.4,0,1.2,2.6,77500.84429104843,25.131519327773326
390599780001044,0,0,0,0,29,20.3,0,17.4,37.7,73781.51677238167,48.95605916441028
390599771003046,0,0,0,0,3,2.1,0,1.8,3.9,62327.45542566621,9.991866792074731
390599776001013,0,0,0,0,18,12.6,0,10.8,23.4,104303.95382457646,21808.855736629226
390599771002034,0,0,0,0,6,4.2,0,3.6,7.8,26167.858805126958,22.134931001415975
390599776002011,0,0,0,0,9,6.3,0,5.4,11.7,104367.93531415754,24597.669689787395
390599772002034,0,0,0,0,12,8.4,0,7.2,15.6,54501.12977262635,15.36619921148112
390599777001067,4,4,0,0,26,21,4.8,17.6,43.4,11646.110864907787,113.52399623501476
390599771001063,0,0,0,0,2,1.4,0,1.2,2.6,69894.06278256953,20.419311810228137
390599775002022,2,0,0,2,9,13.3,2.4,8.2,23.9,103748.48280831243,20624.39930425645
390599771002111,0,0,0,0,9,6.3,0,5.4,11.7,87034.52897257214,14.384894148756482
390599780003024,18,18,0,0,5,16.1,21.6,12,49.7,43048.85665736044,67.02428432378281
390599774003007,0,0,0,0,6,4.2,0,3.6,7.8,103241.23381602022,16412.63925556144
390599771001013,0,0,0,0,4,2.8,0,2.4,5.2,6796.633739575099,16.01638089503046
390599776003036,7,7,0,0,1,5.6,8.4,4.1,18.1,102483.96824062109,10151.572643406915
390599774001027,0,0,0,0,3,2.1,0,1.8,3.9,92446.87695669197,42.09295450032299
390599773003004,0,0,0,0,8,5.6,0,4.8,10.4,104191.68228099313,24953.395789091177
390599780004041,0,0,0,0,6,4.2,0,3.6,7.8,98777.05485906404,412.73067289273223
390599780003049,0,0,0,0,11,7.7,0,6.6,14.3,63133.57517179338,24.27396551106131
390599771003021,0,0,0,0,10,7,0,6,13,43852.18167107577,13.862005735957847
390599775001005,0,0,0,0,8,5.6,0,4.8,10.4,103894.15399421942,14596.820045780483
390599774003033,0,0,0,0,1,0.7,0,0.6,1.3,103572.23577137111,18874.87041100813
390599775002018,0,0,0,0,9,6.3,0,5.4,11.7,103893.12361833638,20640.097958561277
390599775004013,3,3,0,0,6,6.3,3.6,5.1,14.999999999999998,104325.39267217976,23127.101266095116
390599778004049,0,0,0,0,7,4.9,0,4.2,9.1,98294.19043449857,507.4119433350017
390599780002032,0,0,0,0,6,4.2,0,3.6,7.8,84579.1614175456,43.27139474324164
390599773002048,4,0,4,0,14,43.4,4.8,27.2,75.4,104651.52969231096,22061.943841461318
390599778004040,0,0,0,0,7,4.9,0,4.2,9.1,89631.38635997857,378.587117730123
390599771003010,0,0,0,0,12,8.4,0,7.2,15.6,50020.19532017414,15.92621080272352
390599772004056,0,0,0,0,11,7.7,0,6.6,14.3,80563.02391855026,25.322985113290184
390599771002096,0,0,0,0,2,1.4,0,1.2,2.6,31391.771005116247,7.284801929571305
390599780004001,6,6,0,0,4,6.999999999999999,7.2,5.4,19.6,98190.3933023688,320.4280096410889
390599777002031,0,0,0,0,18,12.6,0,10.8,23.4,100359.75655548507,241.57224975558933
390599776002007,50,0,50,0,1,420.7,60,235.6,716.3,104683.62572747625,28015.105563120604
390599780001067,0,0,0,0,5,3.5,0,3,6.5,93016.47889988299,31.780064742733234
390599778002014,0,0,0,0,1,0.7,0,0.6,1.3,97571.5771357544,20.623011172936184
390599776003023,0,0,0,0,6,4.2,0,3.6,7.8,104114.0148202515,5469.829318681534
390599778003010,0,0,0,0,6,4.2,0,3.6,7.8,49994.529136758414,8.209537344023605
390599780003104,0,0,0,0,6,4.2,0,3.6,7.8,35123.388270175106,267.75191362149684
390599772003095,0,0,0,0,34,23.8,0,20.4,44.2,87224.20909786581,50.61439150950524
390599771003074,1,0,0,1,12,11.9,1.2,8.6,21.7,39139.910181257605,631.3611304584527
390599777001024,0,0,0,0,3,2.1,0,1.8,3.9,104011.15894894139,713.2901076286996
390599775002020,0,0,0,0,18,12.6,0,10.8,23.4,103890.87542030217,20554.498575565827
390599772003025,0,0,0,0,1,0.7,0,0.6,1.3,40861.267090930545,7.065520617482899
390599775003020,0,0,0,0,9,6.3,0,5.4,11.7,103784.9752495532,24459.098768838423
390599780002006,0,0,0,0,25,17.5,0,15,32.5,82507.14097795298,33.97126281170922
390599771002127,0,0,0,0,1,0.7,0,0.6,1.3,86064.3507363115,31.386909393758124
390599779002016,0,0,0,0,55,38.5,0,33,71.5,101126.4412462527,1643.624841360405
390599777003050,0,0,0,0,33,23.1,0,19.8,42.9,97670.35590319334,57.608917088992904
390599777001078,0,0,0,0,7,4.9,0,4.2,9.1,99032.52737723997,24.137871539884955
390599777001086,0,0,0,0,2,1.4,0,1.2,2.6,98491.91889041496,23.229165771389454
390599778004014,0,0,0,0,3,2.1,0,1.8,3.9,99534.34171538227,263.1754567749794
390599775002015,0,0,0,0,9,6.3,0,5.4,11.7,103781.09481132976,18654.137577777583
390599777002020,3,0,0,3,5,14,3.6,7.2,24.8,104282.14340701244,798.9359003636561
390599779001070,0,0,0,0,10,7,0,6,13,103999.18984851257,4589.429977485835
390599773001017,0,0,0,0,10,7,0,6,13,102164.01272922287,1803.8140279271308
390599780002008,0,0,0,0,14,9.8,0,8.4,18.2,84855.74233676954,187.99021597991162
390599771001101,7,7,0,0,8,10.5,8.4,8.3,27.2,46777.624874300964,27.210484160600682
390599771003012,0,0,0,0,1,0.7,0,0.6,1.3,60557.99681195082,14.424042933442056
390599774003041,0,0,0,0,9,6.3,0,5.4,11.7,103057.68244441145,15216.972312090324
390599780003102,0,0,0,0,5,3.5,0,3,6.5,37683.328528774415,268.1536241408488
390599773002054,0,0,0,0,6,4.2,0,3.6,7.8,103793.787520667,21478.794754911236
390599780002009,2,2,0,0,35,25.9,2.4,22,50.3,76103.61839831404,55.53584886209913
390599778002046,0,0,0,0,1,0.7,0,0.6,1.3,102435.70481051515,76.20014847623158
390599779004051,0,0,0,0,4,2.8,0,2.4,5.2,104184.2429602963,3522.057636348632
390599771001040,0,0,0,0,7,4.9,0,4.2,9.1,12566.651503874044,9.79372692380018
390599771004020,13,0,13,0,4,112,15.6,63.5,191.1,41643.24228058357,656.1708783426785
390599773002083,0,0,0,0,1,0.7,0,0.6,1.3,101298.89220040332,388.9436266233894
390599779004027,0,0,0,0,3,2.1,0,1.8,3.9,103426.74716094628,2769.6678473184024
390599772001031,0,0,0,0,15,10.5,0,9,19.5,79630.83828042475,68.83126904991511
390599776003026,0,0,0,0,5,3.5,0,3,6.5,103683.6093450398,4271.967689467519
390599771003095,0,0,0,0,1,0.7,0,0.6,1.3,12198.117436786646,1.9945159377516406
390599778001043,5,0,0,5,9,23.8,6,12.4,42.2,98235.13321909611,56.246763415334826
390599779001038,0,0,0,0,1,0.7,0,0.6,1.3,103728.41415405825,4435.134697697651
390599771003030,0,0,0,0,1,0.7,0,0.6,1.3,46805.47018696848,10.46228886613942
390599771003042,0,0,0,0,6,4.2,0,3.6,7.8,48234.37494751685,9.99569388560031
390599771002128,0,0,0,0,10,7,0,6,13,82896.65775951545,34.20223739990335
390599774002001,750,3,0,747,97,2684.5,900,1105.5,4690,100971.21808887181,7484.053308921325
390599772004033,0,0,0,0,32,22.4,0,19.2,41.6,90510.31608676176,221.04455197788585
390599772003017,0,0,0,0,1,0.7,0,0.6,1.3,34396.03252715116,0.9999620036525618
390599774001051,0,0,0,0,3,2.1,0,1.8,3.9,103008.32948165937,4473.785319816046
390599780004007,0,0,0,0,21,14.7,0,12.6,27.3,63624.545451589685,28.452496536023222
390599776003031,392,382,0,10,12,310.8,470.4,212.2,993.4,103089.15176307397,8157.417338090213
390599773001018,0,0,0,0,1,0.7,0,0.6,1.3,98356.69498666983,963.0516952374958
390599771002117,0,0,0,0,2,1.4,0,1.2,2.6,61839.91746461218,5.976210640106463
390599778004019,0,0,0,0,2,1.4,0,1.2,2.6,99892.96206556854,235.67495795778362
390599772004029,0,0,0,0,5,3.5,0,3,6.5,74428.29778639849,12.453356550201589
390599777002026,0,0,0,0,15,10.5,0,9,19.5,97094.39491620219,19.671182117263967
390599772001066,0,0,0,0,1,0.7,0,0.6,1.3,59456.3899649784,4.942127329603821
390599779004060,0,0,0,0,3,2.1,0,1.8,3.9,103551.65760623185,3552.631010526738
390599777002058,63,63,0,0,34,67.9,75.6,51.9,195.4,100060.40462318495,451.89551889841675
390599778004020,0,0,0,0,6,4.2,0,3.6,7.8,100512.83894115094,239.8291442715854
390599779001056,0,0,0,0,3,2.1,0,1.8,3.9,103603.12520419303,4838.222848093726
390599777001084,0,0,0,0,4,2.8,0,2.4,5.2,45021.11391469123,23.196174238893136
390599777002054,1,1,0,0,54,38.5,1.2,32.9,72.6,91316.54167846595,71.97940694781232
390599779004036,0,0,0,0,6,4.2,0,3.6,7.8,94069.4139535431,20.549562823735382
390599779001041,0,0,0,0,4,2.8,0,2.4,5.2,103987.8779911722,4546.2808893860865
390599778001062,0,0,0,0,7,4.9,0,4.2,9.1,95636.61029961903,22.881572886417366
390599772003081,0,0,0,0,1,0.7,0,0.6,1.3,62510.0361485682,8.974574579966657
390599772003055,0,0,0,0,4,2.8,0,2.4,5.2,43282.948921410956,10.990804839637844
390599780004004,0,0,0,0,2,1.4,0,1.2,2.6,90561.20711420287,8.961342980869329
390599777002040,0,0,0,0,3,2.1,0,1.8,3.9,104261.03657122831,784.904639110114
390599779001058,0,0,0,0,7,4.9,0,4.2,9.1,103969.97620233537,4929.484223176093
390599775004010,3,0,0,3,19,23.8,3.6,15.6,43,104362.24220506761,23322.268815464733
390599771003005,4,0,0,4,48,47.6,4.8,34.4,86.8,39196.927389308425,85.80334462554733
390599780003100,0,0,0,0,2,1.4,0,1.2,2.6,35406.90071860461,267.28315697233927
390599774001015,0,0,0,0,8,5.6,0,4.8,10.4,101114.06775028304,2802.355275324655
390599775002019,0,0,0,0,1,0.7,0,0.6,1.3,103886.78993815115,20684.758946134254
390599780004042,0,0,0,0,5,3.5,0,3,6.5,99307.4077540343,398.15873543573036
390599772003077,0,0,0,0,3,2.1,0,1.8,3.9,54586.59477611323,9.015933531818252
390599779001039,0,0,0,0,29,20.3,0,17.4,37.7,104419.5432129308,4432.394757052335
390599777001066,0,0,0,0,18,12.6,0,10.8,23.4,59932.14108265827,23.037704908616902
390599778003030,0,0,0,0,1,0.7,0,0.6,1.3,38968.37482153896,39.52556037177366
390599779003038,0,0,0,0,10,7,0,6,13,103221.09918438198,2778.960640408513
390599775003022,0,0,0,0,2,1.4,0,1.2,2.6,103932.91726222711,24088.67782568803
390599773003043,40,0,1,39,2,146.3,48,60.5,254.8,103758.25867620447,15790.039735554323
390599773003010,0,0,0,0,6,4.2,0,3.6,7.8,103743.18575102951,19853.665898283598
390599778002078,0,0,0,0,8,5.6,0,4.8,10.4,78000.81123026884,37.14163355620623
390599778002060,0,0,0,0,5,3.5,0,3,6.5,96001.5780274205,40.864533307123736
390599772003070,0,0,0,0,1,0.7,0,0.6,1.3,48597.786996612624,2.915647665417949
390599775002034,0,0,0,0,9,6.3,0,5.4,11.7,103579.19241975083,18852.57553339071
390599780001034,0,0,0,0,1,0.7,0,0.6,1.3,103200.3266917268,220.8014386300345
390599772002118,0,0,0,0,1,0.7,0,0.6,1.3,90649.24464015005,16.47919594091062
390599771003032,0,0,0,0,5,3.5,0,3,6.5,60801.27054056222,8.039812972172847
390599775001029,0,0,0,0,32,22.4,0,19.2,41.6,103875.45385057051,24323.534037830155
390599771002003,8,8,0,0,28,25.2,9.6,20.8,55.6,10389.511660010052,71.16841352478693
390599778001018,0,0,0,0,2,1.4,0,1.2,2.6,101865.75359244064,237.71179538687193
390599780003091,0,0,0,0,4,2.8,0,2.4,5.2,29189.952662336338,213.9465319618224
390599772003019,0,0,0,0,2,1.4,0,1.2,2.6,24784.776977868903,1.9998442559614282
390599779002024,0,0,0,0,5,3.5,0,3,6.5,93254.43626369338,18.10080169686827
390599776001010,16,0,14,2,5,128.1,19.2,71.6,218.9,105159.27225405196,18322.478654738636
390599776002036,113,8,0,105,30,394.1,135.6,169,698.7,103978.68443865835,26222.816266041245
390599778002026,0,0,0,0,3,2.1,0,1.8,3.9,101943.83980264592,331.02381887846076
390599776001030,0,0,0,0,14,9.8,0,8.4,18.2,103987.81944360203,24388.60198130489
390599775004004,0,0,0,0,6,4.2,0,3.6,7.8,103998.32818211275,20503.67102664737
390599779001032,0,0,0,0,2,1.4,0,1.2,2.6,103076.17961588985,3281.1200105940807
390599777003013,0,0,0,0,12,8.4,0,7.2,15.6,92712.31408969822,25.173042997961296
390599771003073,0,0,0,0,4,2.8,0,2.4,5.2,29327.24433030719,623.3603372676864
390599780003080,0,0,0,0,7,4.9,0,4.2,9.1,35283.83440182371,262.26682885774085
390599774001002,0,0,0,0,11,7.7,0,6.6,14.3,86282.68123255254,25.87520164460925
390599779003006,0,0,0,0,8,5.6,0,4.8,10.4,103834.01157478761,4674.821131099944
390599780002002,0,0,0,0,15,10.5,0,9,19.5,96218.15851791819,53.53028807370126
390599780002004,0,0,0,0,25,17.5,0,15,32.5,86712.90764850617,46.76938690142951
390599774003012,0,0,0,0,6,4.2,0,3.6,7.8,103561.27133986198,14771.392816205323
390599778001056,0,0,0,0,5,3.5,0,3,6.5,99136.05457289513,233.9317390652249
390599780003045,0,0,0,0,12,8.4,0,7.2,15.6,51249.85501953415,14.997579518890156
390599773002076,0,0,0,0,4,2.8,0,2.4,5.2,104394.9453542564,19910.637029321548
390599771002053,0,0,0,0,1,0.7,0,0.6,1.3,22587.132531274314,4.977859512641082
390599778002051,0,0,0,0,1,0.7,0,0.6,1.3,102671.32826082528,368.11078753428944
390599771002069,0,0,0,0,5,3.5,0,3,6.5,67997.26667174048,17.06483969423348
390599771002101,0,0,0,0,1,0.7,0,0.6,1.3,83021.69386719225,5.242422841848351
390599771004000,0,0,0,0,1,0.7,0,0.6,1.3,8129.25579126042,2.4407953751765037
390599775004005,0,0,0,0,8,5.6,0,4.8,10.4,103950.05872324783,19978.11296851084
390599778002028,0,0,0,0,13,9.1,0,7.8,16.9,101737.02265999143,336.4261636841822
390599780001016,0,0,0,0,2,1.4,0,1.2,2.6,92022.67891253876,16.37577608547338
390599773003000,23,8,0,15,11,65.8,27.6,31.6,125,104379.46024511544,26428.83142571151
390599772001118,0,0,0,0,2,1.4,0,1.2,2.6,95066.22131042281,23.865895479522308
390599772003096,0,0,0,0,3,2.1,0,1.8,3.9,97952.61978321389,36.16106174885137
390599771004014,0,0,0,0,1,0.7,0,0.6,1.3,20044.15057314141,618.8836268817781
390599777001082,3,0,3,0,9,31.5,3.6,19.5,54.6,88109.35307562914,125.61008463685823
390599779004007,0,0,0,0,4,2.8,0,2.4,5.2,104476.87083826227,3720.36114208923
390599776002020,9,2,0,7,7,30.8,10.8,15,56.6,104368.01945469205,24610.505078368627
390599777001000,0,0,0,0,16,11.2,0,9.6,20.8,86183.0789432693,19.998801707915533
390599777002019,0,0,0,0,13,9.1,0,7.8,16.9,102798.43844303151,673.8992726894976
390599771001082,0,0,0,0,1,0.7,0,0.6,1.3,14446.650806847778,2.476095861466341
390599780004037,20,19,1,0,31,43.4,24,32.8,100.2,98768.9818730989,414.7843481656676
390599779003022,0,0,0,0,6,4.2,0,3.6,7.8,104179.34646072985,4349.1885302351
390599776001001,0,0,0,0,11,7.7,0,6.6,14.3,103590.34173288153,7804.901247201699
390599780004040,0,0,0,0,5,3.5,0,3,6.5,100036.51083576721,404.6125546339151
390599779002019,0,0,0,0,3,2.1,0,1.8,3.9,96029.31557204387,43.83076147705832
390599774002019,0,0,0,0,1,0.7,0,0.6,1.3,102641.3330570536,7504.143893881475
390599775003001,0,0,0,0,16,11.2,0,9.6,20.8,103640.1195724233,20643.78531939606
390599778001065,0,0,0,0,2,1.4,0,1.2,2.6,96009.71931910064,461.0578531012615
390599774003015,0,0,0,0,5,3.5,0,3,6.5,102747.39957395052,10462.572209239563
390599773001025,15,0,0,15,107,127.4,18,85.2,230.6,103225.81893023594,2521.0917558563733
390599777001090,0,0,0,0,13,9.1,0,7.8,16.9,77293.86685329235,84.96011963387528
390599779003004,0,0,0,0,9,6.3,0,5.4,11.7,104289.1865961753,4547.824400857192
390599776003034,30,30,0,0,1,21.7,36,15.6,73.3,102483.04075407465,15858.784371969195
390599777003024,28,0,19,9,47,224,33.6,130.1,387.7,101493.25427788838,387.1171823083988
390599775003027,9,0,9,0,27,94.5,10.8,58.5,163.8,103946.09687934376,24372.847369017498
390599774001047,0,0,0,0,10,7,0,6,13,102300.48617162072,1007.8610788771912
390599779002003,0,0,0,0,5,3.5,0,3,6.5,102721.55350703238,1999.7435184625635
390599778003003,0,0,0,0,7,4.9,0,4.2,9.1,82001.92753786212,14.523869550524026
390599772001130,0,0,0,0,2,1.4,0,1.2,2.6,82970.45308321432,56.970392932224215
390599777002021,0,0,0,0,23,16.1,0,13.8,29.9,102628.78360915776,474.62736119497936
390599771002106,0,0,0,0,3,2.1,0,1.8,3.9,84220.0521285675,32.46615056283964
390599771001098,0,0,0,0,1,0.7,0,0.6,1.3,79606.33971771951,52.45987847578191
390599780004020,0,0,0,0,1,0.7,0,0.6,1.3,98514.79335494735,407.9415875814673
390599771003087,0,0,0,0,4,2.8,0,2.4,5.2,17682.3584039818,42.74711645028348
390599774003028,0,0,0,0,9,6.3,0,5.4,11.7,103322.40059026807,17053.15114705044
390599772002079,0,0,0,0,2,1.4,0,1.2,2.6,100888.15198697959,27.46897446713597
390599775002013,0,0,0,0,10,7,0,6,13,103772.35205905384,15952.778619652065
390599778004028,0,0,0,0,6,4.2,0,3.6,7.8,100771.18609380546,244.90213756844244
390599778003049,0,0,0,0,14,9.8,0,8.4,18.2,75501.74360861717,98.31316891916448
390599777001083,0,0,0,0,2,1.4,0,1.2,2.6,80130.22261982955,27.883996816495703
390599780003107,0,0,0,0,3,2.1,0,1.8,3.9,35637.899326466984,263.740281010275
390599779004055,0,0,0,0,8,5.6,0,4.8,10.4,103484.80863234498,3450.3464956721828
390599779004037,0,0,0,0,4,2.8,0,2.4,5.2,98614.61608085803,263.2244600588841
390599772003076,0,0,0,0,3,2.1,0,1.8,3.9,49100.00156975991,16.983785005693623
390599773003029,55,0,20,35,6,294.7,66,146.6,507.3,103667.9827345824,21472.285615372588
390599775001018,0,0,0,0,7,4.9,0,4.2,9.1,104442.61893348552,20445.302664970128
390599776002027,9,0,0,9,9,37.8,10.8,18,66.6,104541.04729380072,25681.45925322326
390599779001042,0,0,0,0,4,2.8,0,2.4,5.2,103798.1357763611,4711.203608924283
390599772002058,0,0,0,0,17,11.9,0,10.2,22.1,90838.68887494685,77.01591529607391
390599778003001,0,0,0,0,10,7,0,6,13,62121.62633149907,18.853183848054755
390599776003018,0,0,0,0,15,10.5,0,9,19.5,103313.46113863925,3961.657766428691
390599775001024,0,0,0,0,19,13.3,0,11.4,24.7,104072.6815259279,23153.072424184295
390599771002125,0,0,0,0,1,0.7,0,0.6,1.3,80754.21268006417,3.4491235882989715
390599771002098,0,0,0,0,10,7,0,6,13,39766.35209747532,12.999791037319211
390599771002122,0,0,0,0,4,2.8,0,2.4,5.2,57211.43876391464,8.805734761986933
390599780002019,0,0,0,0,3,2.1,0,1.8,3.9,76012.48831039894,7.225058132042841
390599772003035,0,0,0,0,2,1.4,0,1.2,2.6,69745.27436652953,16.58456665327016
390599775001013,0,0,0,0,12,8.4,0,7.2,15.6,104540.01497198861,20298.228939008684
390599771001041,0,0,0,0,4,2.8,0,2.4,5.2,5267.17608769779,13.204501866203847
390599780003025,0,0,0,0,13,9.1,0,7.8,16.9,61658.60067221103,77.56088214139187
390599771001103,0,0,0,0,4,2.8,0,2.4,5.2,89771.07622397447,451.55833011338166
390599780003022,0,0,0,0,9,6.3,0,5.4,11.7,66486.4080513335,10.999719148917208
390599778002006,0,0,0,0,8,5.6,0,4.8,10.4,90640.94505280902,11.045902205787904
390599780003010,0,0,0,0,2,1.4,0,1.2,2.6,80327.56452940137,101.05838878460412
390599776001032,0,0,0,0,18,12.6,0,10.8,23.4,104501.75838339349,27590.339565052982
390599772002035,0,0,0,0,6,4.2,0,3.6,7.8,69521.90232373601,7.303660081925262
390599780003105,0,0,0,0,3,2.1,0,1.8,3.9,34648.46102881402,269.0877543589587
390599778004006,0,0,0,0,1,0.7,0,0.6,1.3,68123.96888976113,19.363908868302318
390599778003034,0,0,0,0,17,11.9,0,10.2,22.1,38311.27274818781,27.210786716962538
390599771002009,0,0,0,0,4,2.8,0,2.4,5.2,3490.1227629925793,5.042853456556009
390599779001051,0,0,0,0,7,4.9,0,4.2,9.1,103566.17538699524,4767.256128607851
390599779003031,0,0,0,0,6,4.2,0,3.6,7.8,102633.650676969,3305.886110291851
390599778002037,0,0,0,0,17,11.9,0,10.2,22.1,101251.8327151314,340.09916062050496
390599776001003,0,0,0,0,20,14,0,12,26,104054.60200851766,18346.3766190109
390599778001045,0,0,0,0,8,5.6,0,4.8,10.4,102089.04041799,79.60784192799868
390599780003101,0,0,0,0,6,4.2,0,3.6,7.8,36106.405980528645,267.50009635416177
390599774003004,0,0,0,0,1,0.7,0,0.6,1.3,103145.90654498465,15100.465058958065
390599776002006,4,0,0,4,10,21,4.8,11.6,37.4,104466.19907665241,26578.1385145882
390599776002047,4,0,0,4,3,16.1,4.8,7.4,28.3,104881.78752255277,30091.115176326843
390599771002047,0,0,0,0,1,0.7,0,0.6,1.3,7836.725305259076,1.004821773330596
390599777001023,0,0,0,0,2,1.4,0,1.2,2.6,103961.11298569696,734.3382327454276
390599778002035,0,0,0,0,2,1.4,0,1.2,2.6,101766.03310200032,336.3880649431232
390599771001071,0,0,0,0,15,10.5,0,9,19.5,73937.74358854219,184.26146649763754
390599772003052,0,0,0,0,5,3.5,0,3,6.5,78780.9086910632,10.726863201473149
390599773001006,0,0,0,0,7,4.9,0,4.2,9.1,100992.0024068215,327.99964947434205
390599774003055,12,10,0,2,10,21,14.4,13.8,49.2,104198.36720371117,20560.80023438822
390599776002040,0,0,0,0,3,2.1,0,1.8,3.9,104670.33959494742,29320.55793454015
390599778002021,0,0,0,0,10,7,0,6,13,102064.26770147885,375.6171172722816
390599779004017,8,0,1,7,45,64.4,9.6,41.5,115.5,104120.93303252805,3571.178207354611
390599776001005,0,0,0,0,18,12.6,0,10.8,23.4,103686.0415337459,9057.678286112627
390599779004013,0,0,0,0,2,1.4,0,1.2,2.6,104061.37043758224,3036.617025269278
390599773001000,0,0,0,0,19,13.3,0,11.4,24.7,97263.73013779755,27.394390356424964
390599777001062,15,5,0,10,27,57.4,18,32.7,108.1,98033.21903229677,143.8603960475137
390599772002000,0,0,0,0,5,3.5,0,3,6.5,2848.1962022710118,6.065973947203392
390599780003015,0,0,0,0,6,4.2,0,3.6,7.8,71107.26175753579,16.261241442119765
390599773002063,0,0,0,0,7,4.9,0,4.2,9.1,103789.93368162685,20737.006940384334
390599774003018,0,0,0,0,8,5.6,0,4.8,10.4,103269.49283057745,15562.517292746172
390599777001012,14,0,0,14,13,58.1,16.8,27.4,102.3,102425.35030977138,663.6367482803314
390599776002013,0,0,0,0,2,1.4,0,1.2,2.6,104447.2880683673,24581.346368657163
390599779003034,0,0,0,0,3,2.1,0,1.8,3.9,103767.9575232875,3883.216895463262
390599780003017,0,0,0,0,1,0.7,0,0.6,1.3,57062.27959268561,11.58786440897385
390599776002001,0,0,0,0,7,4.9,0,4.2,9.1,104520.6414588611,24333.11419208747
390599780002021,0,0,0,0,16,11.2,0,9.6,20.8,75467.93843660475,48.33563143202333
390599773001001,0,0,0,0,3,2.1,0,1.8,3.9,98634.65376015316,43.10601465701593
390599774002007,0,0,0,0,7,4.9,0,4.2,9.1,102184.67632040633,7306.711770568187
390599780001021,0,0,0,0,1,0.7,0,0.6,1.3,101912.68075256507,1499.3074489944152
390599780003064,0,0,0,0,11,7.7,0,6.6,14.3,20218.777157197772,14.038878658997152
390599773002047,11,0,7,4,8,78.4,13.2,43.3,134.9,104713.38822551,26052.17348536526
390599776002024,4,0,0,4,1,14.7,4.8,6.2,25.7,104650.85589513488,26997.862073333035
390599774003021,0,0,0,0,9,6.3,0,5.4,11.7,103811.92311425754,17049.703778738258
390599778004052,0,0,0,0,2,1.4,0,1.2,2.6,95545.30632105154,502.26623383835016
390599779003020,0,0,0,0,12,8.4,0,7.2,15.6,103991.2540451878,4437.3864292107
390599779004021,0,0,0,0,22,15.4,0,13.2,28.6,103786.73518526756,3828.6888477915786
390599777002001,0,0,0,0,16,11.2,0,9.6,20.8,71292.80755904118,67.33152659099002
390599779004011,0,0,0,0,7,4.9,0,4.2,9.1,104081.23431227519,3458.807484897476
390599779003028,0,0,0,0,6,4.2,0,3.6,7.8,104025.68705808559,4508.952209925549
390599778002091,0,0,0,0,4,2.8,0,2.4,5.2,97387.76168922459,506.1100959521755
390599779003030,6,0,0,6,111,98.7,7.2,75,180.9,102824.88305805609,3228.983561491914
390599779004014,0,0,0,0,9,6.3,0,5.4,11.7,104255.21331533164,3857.78690479547
390599778001041,0,0,0,0,13,9.1,0,7.8,16.9,94553.09499750474,44.49885217847795
390599773002051,0,0,0,0,6,4.2,0,3.6,7.8,103681.61625865316,19299.168907039406
390599773002052,0,0,0,0,16,11.2,0,9.6,20.8,103899.78571149595,22730.26285891127
390599774002013,2,0,0,2,1,7.7,2.4,3.4,13.5,102141.70774468471,6844.413441090088
390599776003001,0,0,0,0,7,4.9,0,4.2,9.1,104062.38875457822,6907.155483350515
390599777001094,0,0,0,0,6,4.2,0,3.6,7.8,102343.7375386894,65.34618765668787
390599778002063,0,0,0,0,8,5.6,0,4.8,10.4,94416.57077067881,64.19652132046717
390599774001053,0,0,0,0,6,4.2,0,3.6,7.8,102182.6538645077,2226.8926197747423
390599772001097,0,0,0,0,11,7.7,0,6.6,14.3,96102.62996898034,70.10105736133318
390599771001021,0,0,0,0,6,4.2,0,3.6,7.8,1762.2061588762524,7.038720672592251
390599780001052,4,0,0,4,14,23.8,4.8,14,42.6,80845.05823564554,42.56792284068459
390599771001081,0,0,0,0,6,4.2,0,3.6,7.8,44272.86064238933,14.683336139086185
390599772004076,8,8,0,0,30,26.6,9.6,22,58.2,99458.90839740602,150.43382060836976
390599778001009,0,0,0,0,13,9.1,0,7.8,16.9,97878.1764978118,172.71087827141614
390599780004000,0,0,0,0,23,16.1,0,13.8,29.9,96691.84722006164,848.2647107308248
390599778002043,0,0,0,0,1,0.7,0,0.6,1.3,102136.27322576716,277.27718234920644
390599772002007,0,0,0,0,5,3.5,0,3,6.5,6495.728541896312,6.905517476506164
390599772002119,0,0,0,0,2,1.4,0,1.2,2.6,39376.610441030476,2.2142133492163905
390599773002045,72,5,0,67,1,238.7,86.4,96.9,421.99999999999994,104535.67499149563,23168.594858997516
390599774003052,0,0,0,0,11,7.7,0,6.6,14.3,103927.38906612514,18779.933284769224
390599776001008,202,0,19,183,3,802.2,242.4,347.3,1391.9,104968.72012319358,15245.749601749485
390599779004043,0,0,0,0,7,4.9,0,4.2,9.1,100855.67990169705,1371.1019447455749
390599771003065,0,0,0,0,9,6.3,0,5.4,11.7,12195.527007704028,11.004182351193187
390599779001036,9,0,0,9,1,32.2,10.8,13.2,56.2,104279.78443329099,4163.926279804788
390599779003026,0,0,0,0,6,4.2,0,3.6,7.8,103558.61135681887,4264.528767047238
390599774003003,0,0,0,0,7,4.9,0,4.2,9.1,103380.54369144708,15977.272481636539
390599779002032,0,0,0,0,3,2.1,0,1.8,3.9,103673.74631531858,4042.9125875747377
390599771001030,0,0,0,0,7,4.9,0,4.2,9.1,6978.468568333583,13.814330460490206
390599777002046,0,0,0,0,1,0.7,0,0.6,1.3,102606.54585896234,6.177140668396392
390599778002038,0,0,0,0,4,2.8,0,2.4,5.2,102362.67351216024,358.0953974622347
390599779001061,0,0,0,0,7,4.9,0,4.2,9.1,104136.2123379855,4709.319386242411
390599776002029,22,0,0,22,6,81.2,26.4,34.4,142,104785.73901688171,25340.432349376177
390599773001002,0,0,0,0,33,23.1,0,19.8,42.9,94140.82376887105,55.78011184876612
390599779002009,515,500,0,15,24,419.3,618,285.4,1322.7,98222.04320963882,1781.2118665582939
390599780004031,0,0,0,0,1,0.7,0,0.6,1.3,95986.65506568519,373.11754647595234
390599774003030,0,0,0,0,18,12.6,0,10.8,23.4,103332.91333073676,19555.93761100233
390599778003062,0,0,0,0,12,8.4,0,7.2,15.6,96354.94665705427,478.2320190691761
390599776002039,0,0,0,0,1,0.7,0,0.6,1.3,104607.3063302403,28855.03812762487
390599777001050,0,0,0,0,2,1.4,0,1.2,2.6,101631.22366725901,603.9381793890379
390599778004045,0,0,0,0,4,2.8,0,2.4,5.2,97578.51716588557,495.92744782191664
390599771001089,0,0,0,0,1,0.7,0,0.6,1.3,57470.90727926971,3.425194135486341
390599771003016,0,0,0,0,1,0.7,0,0.6,1.3,85369.931276401,144.6042585721608
390599771002040,0,0,0,0,8,5.6,0,4.8,10.4,1153.4975740538484,9.982930365617644
390599780003093,0,0,0,0,4,2.8,0,2.4,5.2,33921.80215395753,256.6315287563243
390599774001011,0,0,0,0,4,2.8,0,2.4,5.2,100830.28999174776,2758.594933834325
390599780003073,0,0,0,0,2,1.4,0,1.2,2.6,38881.93586467591,4.102678620790137
390599772002010,11,11,0,0,5,11.2,13.2,8.5,32.9,3881.116781349792,32.89543273574065
390599776001017,0,0,0,0,20,14,0,12,26,104180.1117064662,7090.397606263598
390599780003011,0,0,0,0,12,8.4,0,7.2,15.6,64995.75599031502,33.23868599376676
390599779003015,0,0,0,0,13,9.1,0,7.8,16.9,103807.9715381827,4346.207197051137
390599775001019,1,0,0,1,4,6.3,1.2,3.8,11.3,104618.44394683522,22248.569887438178
390599776002010,21,0,0,21,18,86.1,25.2,40.2,151.5,104585.16380103535,25328.70979234806
390599778003005,0,0,0,0,2,1.4,0,1.2,2.6,79259.69135188739,15.810394063084669
390599775001011,0,0,0,0,11,7.7,0,6.6,14.3,104290.3120353078,18121.207736576776
390599776002005,0,0,0,0,20,14,0,12,26,104401.00143469544,24712.109269982073
390599772001042,86,0,0,86,14,310.8,103.2,128.8,542.8,3647.770316352382,542.7453328875636
390599772001033,0,0,0,0,15,10.5,0,9,19.5,72480.25271396786,47.0220100465091
390599774001052,0,0,0,0,7,4.9,0,4.2,9.1,102501.89650787403,1608.3264422052466
390599774003049,0,0,0,0,5,3.5,0,3,6.5,103875.34895700924,19071.320495368214
390599772003042,0,0,0,0,3,2.1,0,1.8,3.9,80161.63491667307,3.657543649873892
390599776003029,0,0,0,0,6,4.2,0,3.6,7.8,103516.92406751482,4302.824137725318
390599771003098,0,0,0,0,2,1.4,0,1.2,2.6,7316.44790087096,4.8059380981139
390599772001085,0,0,0,0,15,10.5,0,9,19.5,59923.23263481382,56.40323498007367
390599778004064,0,0,0,0,2,1.4,0,1.2,2.6,95730.70209889789,489.47216421505095
390599777002036,0,0,0,0,29,20.3,0,17.4,37.7,100878.37828824413,65.44797892915781
390599777003028,0,0,0,0,3,2.1,0,1.8,3.9,102103.77091650669,68.7500248382492
390599771003022,0,0,0,0,1,0.7,0,0.6,1.3,39041.2431113684,292.9362895388455
390599779001029,0,0,0,0,5,3.5,0,3,6.5,102977.6530909009,4040.097273174004
390599775004012,0,0,0,0,6,4.2,0,3.6,7.8,104326.19720841292,23400.480980653414
390599779002020,0,0,0,0,10,7,0,6,13,96019.83706155511,28.913929383916358
390599775002014,0,0,0,0,11,7.7,0,6.6,14.3,103699.2176958255,16498.910579177496
390599779003036,0,0,0,0,9,6.3,0,5.4,11.7,103892.05067622315,4198.968387716737
390599778002013,0,0,0,0,6,4.2,0,3.6,7.8,91767.98310395857,22.228369474278928
390599778002030,0,0,0,0,1,0.7,0,0.6,1.3,101830.33195456139,381.98835231227923
390599780004012,0,0,0,0,1,0.7,0,0.6,1.3,88359.31663686823,49.800470289967436
390599780004058,0,0,0,0,6,4.2,0,3.6,7.8,96421.35586343266,380.1016975964108
390599776003011,0,0,0,0,4,2.8,0,2.4,5.2,103630.45299308424,7306.731077401982
390599771001090,0,0,0,0,6,4.2,0,3.6,7.8,47307.4068550412,7.1904480078592
390599771002052,0,0,0,0,1,0.7,0,0.6,1.3,48528.77209084835,3.1096954879009946
390599771003043,0,0,0,0,2,1.4,0,1.2,2.6,17482.419439653597,8.234620790216118
390599771003013,0,0,0,0,1,0.7,0,0.6,1.3,71631.29713798809,28.30056767535674
390599772001092,2,0,2,0,60,58.8,2.4,45.4,106.6,80500.04257710103,134.13374846928645
390599774001009,0,0,0,0,4,2.8,0,2.4,5.2,94880.23244651729,37.19871514724847
390599778004032,0,0,0,0,7,4.9,0,4.2,9.1,93641.07849539728,192.49518758646252
390599776001026,0,0,0,0,102,71.4,0,61.2,132.6,103143.2223854089,5989.128813480578
390599778004048,0,0,0,0,7,4.9,0,4.2,9.1,96469.7293929488,505.76598607117495
390599777003026,1,0,0,1,40,31.5,1.2,25.4,58.1,101882.36620076284,75.70239472387937
390599778001047,8,8,0,0,8,11.2,9.6,8.8,29.6,102543.8371465126,670.7545401143448
390599772001098,0,0,0,0,7,4.9,0,4.2,9.1,95183.18046177218,68.48062664649868
390599779004061,0,0,0,0,2,1.4,0,1.2,2.6,103349.28876743032,3323.1476819961936
390599771002078,0,0,0,0,6,4.2,0,3.6,7.8,39805.754545580574,10.69353843751357
390599776002026,32,0,0,32,4,114.8,38.4,47.2,200.4,104634.5395576902,25997.22128604784
390599775002002,0,0,0,0,10,7,0,6,13,103000.92395428674,12087.946869334659
390599779001057,0,0,0,0,4,2.8,0,2.4,5.2,103826.11062315463,4882.299928023783
390599774001022,0,0,0,0,2,1.4,0,1.2,2.6,88925.52021260995,2.7974125120885396
390599771002103,0,0,0,0,4,2.8,0,2.4,5.2,81107.07230722604,18.780091618467157
390599776003010,0,0,0,0,3,2.1,0,1.8,3.9,103884.40701710086,8443.429444408612
390599778002007,0,0,0,0,1,0.7,0,0.6,1.3,98707.32039095697,11.954865249357574
390599776003019,0,0,0,0,6,4.2,0,3.6,7.8,103674.01112495684,2824.907153223188
390599771001091,0,0,0,0,8,5.6,0,4.8,10.4,39070.489174562725,56.106136153152505
390599779004048,0,0,0,0,1,0.7,0,0.6,1.3,102257.51809079725,1422.3353139594892
390599772003072,0,0,0,0,2,1.4,0,1.2,2.6,40239.653138942704,8.389962279305493
390599772003085,0,0,0,0,6,4.2,0,3.6,7.8,88421.48729583954,14.041131634477782
390599780001040,9,0,0,9,15,42,10.8,21.6,74.4,99060.23181455952,1568.3211607502917
390599780002030,0,0,0,0,6,4.2,0,3.6,7.8,83170.27294904886,34.48093192371563
390599772003015,0,0,0,0,3,2.1,0,1.8,3.9,36817.90107250337,9.023677334475634
390599780003078,0,0,0,0,11,7.7,0,6.6,14.3,37897.54834156386,265.999994283708
390599773001020,0,0,0,0,7,4.9,0,4.2,9.1,103311.38783558823,6392.848652014786
390599777001068,0,0,0,0,1,0.7,0,0.6,1.3,69286.95052992528,31.293596327015635
390599773002077,0,0,0,0,6,4.2,0,3.6,7.8,104122.74825919548,19757.92290826939
390599774001028,121,0,0,121,6,427.7,145.2,172.99999999999997,745.9,99589.02522520375,3638.627062099277
390599779004032,0,0,0,0,13,9.1,0,7.8,16.9,103724.23900711151,2894.5020669152586
390599780003096,0,0,0,0,2,1.4,0,1.2,2.6,29003.321133407324,244.2683291004258
390599774002006,0,0,0,0,6,4.2,0,3.6,7.8,102171.52450686607,7354.56993540931
390599774003001,0,0,0,0,1,0.7,0,0.6,1.3,103050.73840116059,10633.36927592421
390599777002033,0,0,0,0,56,39.2,0,33.6,72.8,97650.21206327224,86.00201146238588
390599780003084,0,0,0,0,15,10.5,0,9,19.5,26679.689883467887,261.3018656078189
390599780004025,0,0,0,0,17,11.9,0,10.2,22.1,85147.78892430302,27.3864900612347
390599778003041,4,4,0,0,16,14,4.8,11.6,30.4,19413.591365518754,39.704274509530514
390599771003081,0,0,0,0,4,2.8,0,2.4,5.2,46798.17106937753,110.74016166273155
390599775003000,0,0,0,0,8,5.6,0,4.8,10.4,104020.85517747521,22374.035830196342
390599778002041,0,0,0,0,1,0.7,0,0.6,1.3,103179.01225894963,371.6734254156025
390599774002012,0,0,0,0,64,44.8,0,38.4,83.2,101272.6749253405,7861.358655400153
390599771003096,0,0,0,0,1,0.7,0,0.6,1.3,14641.269839794302,2.184540717276029
390599778002071,4,0,0,4,1,14.7,4.8,6.2,25.7,103500.5848356278,366.76884518656544
390599778002031,0,0,0,0,2,1.4,0,1.2,2.6,102065.97667771026,351.9012327393002
390599775001027,0,0,0,0,10,7,0,6,13,104038.85326517788,23600.159996768834
390599773002057,0,0,0,0,8,5.6,0,4.8,10.4,103802.11242706585,21761.027094797817
390599780004046,0,0,0,0,4,2.8,0,2.4,5.2,99954.04327025518,406.5619859906514
390599777002047,36,9,0,27,39,128.1,43.2,65.7,236.99999999999997,99274.77996971535,283.9517645798201
390599775002016,0,0,0,0,12,8.4,0,7.2,15.6,103828.0289457961,18066.03061964036
390599777001004,0,0,0,0,29,20.3,0,17.4,37.7,100538.040732718,37.16576274286822
390599774001025,0,0,0,0,5,3.5,0,3,6.5,84902.48583859763,35.70681170073094
390599772003097,4,4,0,0,15,13.3,4.8,11,29.1,94750.8760858588,37.98664673634396
390599773001008,3,0,0,3,74,62.3,3.6,48.6,114.5,101596.62999468349,1625.8230238553735
390599771002138,0,0,0,0,2,1.4,0,1.2,2.6,63568.27009548262,26.88052657075123
390599771001066,0,0,0,0,8,5.6,0,4.8,10.4,54190.938946126706,15.08844900865677
390599780004032,0,0,0,0,4,2.8,0,2.4,5.2,96406.09326392942,316.1518126191039
390599778002072,0,0,0,0,3,2.1,0,1.8,3.9,103001.9087598446,373.33062129545556
390599778002054,0,0,0,0,7,4.9,0,4.2,9.1,102451.04831358277,341.93017001528597
390599774003035,0,0,0,0,8,5.6,0,4.8,10.4,103847.47286157649,19379.98793134521
390599771001015,0,0,0,0,7,4.9,0,4.2,9.1,1950.0084146645881,9.353767958991797
390599779003040,3,0,0,3,10,17.5,3.6,10.2,31.3,104205.0364524182,4123.126959488177
390599774001054,52,0,0,52,129,272.3,62.4,150.2,484.9,102463.37569417464,5041.575221593805
390599773003031,0,0,0,0,3,2.1,0,1.8,3.9,103586.10997967998,18489.417227625447
390599778002029,0,0,0,0,7,4.9,0,4.2,9.1,101492.92799484597,355.0458120022381
390599774001012,7,0,0,7,2,25.9,8.4,10.999999999999998,45.3,101319.20538412029,2988.8117697433613
390599773003045,13,13,0,0,5,12.6,15.6,9.5,37.7,103808.66035080544,15819.309149432627
390599773003039,0,0,0,0,4,2.8,0,2.4,5.2,103900.21278493872,22717.944152572174
390599776003030,124,124,0,0,1,87.5,148.8,62.6,298.9,103508.14765269724,4415.763491898863
390599771004002,0,0,0,0,29,20.3,0,17.4,37.7,2469.1128134942974,36.87293740700788
390599780004061,0,0,0,0,1,0.7,0,0.6,1.3,96435.45892577549,337.4679478727831
390599772004007,0,0,0,0,10,7,0,6,13,82523.93235038147,12.997999277542176
390599779001035,33,0,0,33,19,128.8,39.6,57.6,226,104075.5437273994,4327.005066257471
390599780003012,0,0,0,0,8,5.6,0,4.8,10.4,35307.473880027166,10.250955158785207
390599772003063,1,1,0,0,18,13.3,1.2,11.3,25.8,76989.55853392187,28.404188868719444
390599771002045,0,0,0,0,4,2.8,0,2.4,5.2,14265.653921423365,7.206684341713124
390599774001007,0,0,0,0,14,9.8,0,8.4,18.2,86620.16200167549,28.485241802254613
390599774003039,0,0,0,0,5,3.5,0,3,6.5,103781.7127617066,17375.55561968207
390599778002066,0,0,0,0,7,4.9,0,4.2,9.1,87150.05773431831,91.00124682942872
390599777003041,42,0,0,42,1,147.7,50.4,59.4,257.5,105486.38286159297,6208.242368495585
390599772001060,2,2,0,0,9,7.7,2.4,6.4,16.5,9189.466925539075,17.979515135738865
390599774002015,6,6,0,0,8,9.8,7.2,7.8,24.8,102686.58026802177,12914.684948622404
390599772002036,0,0,0,0,9,6.3,0,5.4,11.7,16168.39811364327,15.420638503731933
390599780003000,0,0,0,0,3,2.1,0,1.8,3.9,89844.9054117583,25.71946426521189
390599772003031,1,0,1,0,7,13.3,1.2,8.9,23.4,49314.12270917704,48.46495509667096
390599772002023,0,0,0,0,1,0.7,0,0.6,1.3,46249.102264622234,9.624666222400727
390599774003040,0,0,0,0,12,8.4,0,7.2,15.6,103490.6696139965,16203.530581976254
390599777003017,0,0,0,0,11,7.7,0,6.6,14.3,95513.91700587264,71.02172643673823
390599777001091,0,0,0,0,9,6.3,0,5.4,11.7,97073.51857455737,25.057799760328464
390599778004039,0,0,0,0,10,7,0,6,13,94256.85602346376,496.7287422095349
390599773002059,0,0,0,0,3,2.1,0,1.8,3.9,103869.93264373924,20848.986748080464
390599779003021,0,0,0,0,22,15.4,0,13.2,28.6,103815.79764497653,4138.324325189419
390599778003012,0,0,0,0,17,11.9,0,10.2,22.1,45060.62267362036,29.92907006001975
390599777001022,2,0,0,2,1,7.7,2.4,3.4,13.5,103961.11298569696,734.3382327454276
390599773001032,0,0,0,0,2,1.4,0,1.2,2.6,101455.85870662445,6.911089971666954
390599780003054,0,0,0,0,5,3.5,0,3,6.5,29935.31079002641,7.889232062266975
390599780002026,0,0,0,0,3,2.1,0,1.8,3.9,86013.14989118569,99.13595979697207
390599780003095,0,0,0,0,1,0.7,0,0.6,1.3,22870.59957597254,199.84543357626694
390599772003082,0,0,0,0,17,11.9,0,10.2,22.1,47184.24153498788,24.238446753807754
390599771001029,0,0,0,0,5,3.5,0,3,6.5,7779.211704287123,7.074010364672966
390599771004015,0,0,0,0,1,0.7,0,0.6,1.3,29565.119292493804,650.0876519695025
390599776001029,14,11,0,3,45,49.7,16.8,36.7,103.2,103307.92519087436,22237.12630019882
390599775003004,0,0,0,0,30,21,0,18,39,103862.83618672381,22188.495727645837
390599778002085,0,0,0,0,3,2.1,0,1.8,3.9,102775.71628702295,359.12171311881855
390599776003043,0,0,0,0,10,7,0,6,13,104144.44436003092,6564.986384519874
390599778002076,0,0,0,0,3,2.1,0,1.8,3.9,80560.86531670825,22.085292416779627
390599778002068,0,0,0,0,2,1.4,0,1.2,2.6,92933.13528461821,91.2522089787927
390599775001007,0,0,0,0,7,4.9,0,4.2,9.1,104312.53614686207,15429.019168290646
390599775002031,0,0,0,0,29,20.3,0,17.4,37.7,103698.02792972127,20874.321585364207
390599772001061,0,0,0,0,4,2.8,0,2.4,5.2,35582.88231343937,35.81124795377402
390599771002079,0,0,0,0,56,39.2,0,33.6,72.8,80620.89218687937,85.34890512428561
390599777001096,0,0,0,0,9,6.3,0,5.4,11.7,95794.383827062,159.3428749985692
390599774002020,0,0,0,0,2,1.4,0,1.2,2.6,102704.13876059893,6496.0784031585945
390599777002045,0,0,0,0,2,1.4,0,1.2,2.6,103677.78700886929,107.04624459987825
390599774002003,0,0,0,0,12,8.4,0,7.2,15.6,102191.90402515962,5049.59446856661
390599779001010,7,7,0,0,12,13.3,8.4,10.7,32.4,100933.00355870018,391.0247515514116
390599772002011,8,8,0,0,5,9.1,9.6,7,25.7,25946.595209103445,25.686346814273172
390599779004024,0,0,0,0,1,0.7,0,0.6,1.3,87294.13504809423,17.136649581530968
390599771002137,0,0,0,0,3,2.1,0,1.8,3.9,23434.528656977098,3.388936142174907
390599775001014,0,0,0,0,10,7,0,6,13,104233.58069831035,19038.52083642951
390599771001003,0,0,0,0,9,6.3,0,5.4,11.7,1527.6207449057995,12.90844839000699
390599779001043,0,0,0,0,5,3.5,0,3,6.5,104318.84343595592,4163.033241618267
390599780003044,1,1,0,0,14,10.5,1.2,8.9,20.6,79244.24480583434,22.86350693476126
390599771002093,0,0,0,0,1,0.7,0,0.6,1.3,41849.768054626824,1.0307399049558383
390599779004006,0,0,0,0,3,2.1,0,1.8,3.9,104421.32086866481,3880.6573189797114
390599779004058,0,0,0,0,3,2.1,0,1.8,3.9,103708.43709054834,3547.186903590076
390599775003019,0,0,0,0,14,9.8,0,8.4,18.2,103825.32968934531,24614.251150337313
390599773002023,0,0,0,0,7,4.9,0,4.2,9.1,101663.4876675702,1889.4749663803766
390599772002102,0,0,0,0,7,4.9,0,4.2,9.1,69367.44521091714,18.559502405559925
390599772001095,0,0,0,0,7,4.9,0,4.2,9.1,90845.0024237125,68.52275189693161
390599776003002,30,0,0,30,25,122.5,36,57,215.5,104086.08332996503,7697.939318116985
390599777002027,0,0,0,0,1,0.7,0,0.6,1.3,102036.44165829328,63.856171733078405
390599777002050,0,0,0,0,1,0.7,0,0.6,1.3,102967.19785330784,544.5217179735159
390599778003059,0,0,0,0,16,11.2,0,9.6,20.8,93184.76637173459,455.22710156887183
390599775001010,0,0,0,0,17,11.9,0,10.2,22.1,104108.37943635786,19577.066244754962
390599777001035,0,0,0,0,15,10.5,0,9,19.5,85625.17126137619,18.999687700718443
390599780001009,150,14,95,41,1,952,180,511.5,1643.5,102337.33537911192,11465.212986983048
390599779004064,7,0,7,0,2,60.2,8.4,34.1,102.7,100937.03056571718,1380.253236361618
390599772002091,0,0,0,0,7,4.9,0,4.2,9.1,82698.28716314345,15.009877071947958
390599771002075,0,0,0,0,3,2.1,0,1.8,3.9,80769.78349638722,12.336438958611048
390599774001013,0,0,0,0,1,0.7,0,0.6,1.3,101356.19423096589,2775.3083347473016
390599777002008,0,0,0,0,1,0.7,0,0.6,1.3,81075.94790218586,31.9648182563
390599780003085,0,0,0,0,5,3.5,0,3,6.5,39225.24723077037,269.9135033003345
390599780003014,0,0,0,0,3,2.1,0,1.8,3.9,76879.63470969377,11.896557736843855
390599772001128,0,0,0,0,1,0.7,0,0.6,1.3,33736.742955489164,1.011631594482809
390599775002021,0,0,0,0,5,3.5,0,3,6.5,103809.9193371958,20381.76221117086
390599775001008,0,0,0,0,9,6.3,0,5.4,11.7,104213.01718823757,16049.167133503042
390599772002114,0,0,0,0,1,0.7,0,0.6,1.3,26780.304735303373,18.206895449467485
390599772001021,0,0,0,0,4,2.8,0,2.4,5.2,55496.60995078072,18.985556897612383
390599778001019,26,15,0,11,6,53.2,31.2,26.5,110.9,103172.43237818341,533.6238852050238
390599778001053,0,0,0,0,15,10.5,0,9,19.5,91691.76368403182,34.23598305512865
390599778001044,0,0,0,0,18,12.6,0,10.8,23.4,88042.93748857609,49.06906375623005
390599771001012,0,0,0,0,8,5.6,0,4.8,10.4,5764.512642178174,15.894091872118596
390599774003053,0,0,0,0,6,4.2,0,3.6,7.8,103562.23073487348,19533.806055520898
390599778002011,0,0,0,0,12,8.4,0,7.2,15.6,97149.14035291011,35.85351761306753
390599779002025,16,16,0,0,21,25.9,19.2,20.6,65.7,92862.60319443769,275.49537352019
390599779004053,0,0,0,0,7,4.9,0,4.2,9.1,103796.25295006909,3666.9622926383126
390599774003037,0,0,0,0,10,7,0,6,13,103882.08195539736,20914.884154113148
390599780004002,26,0,26,0,16,229.6,31.2,131.8,392.6,99034.74808327924,1158.0036496864486
390599776002041,0,0,0,0,6,4.2,0,3.6,7.8,104536.6648158458,27298.031073484653
390599772002077,0,0,0,0,9,6.3,0,5.4,11.7,57978.79186027345,10.996468505755983
390599772002053,0,0,0,0,3,2.1,0,1.8,3.9,86750.42363721279,13.162165493872344
390599772002071,0,0,0,0,2,1.4,0,1.2,2.6,98967.68488690097,85.15231928915993
390599777002022,0,0,0,0,11,7.7,0,6.6,14.3,98114.0266987172,13.99969289882002
390599775003015,1,0,0,1,22,18.9,1.2,14.6,34.7,104152.11952857421,23698.89931539782
390599778002069,0,0,0,0,1,0.7,0,0.6,1.3,101869.96929538854,328.24882583903695
390599773002075,0,0,0,0,7,4.9,0,4.2,9.1,103600.80324782361,19651.866323728944
390599780004063,0,0,0,0,9,6.3,0,5.4,11.7,96700.59197507167,362.98299155500376
390599775001015,0,0,0,0,7,4.9,0,4.2,9.1,104197.89421715766,18000.940843947305
390599771003008,11,11,0,0,25,25.2,13.2,20.5,58.9,30500.31717393188,58.007941104657945
390599771003048,0,0,0,0,4,2.8,0,2.4,5.2,35999.76289613601,9.288245568277251
390599773001009,0,0,0,0,5,3.5,0,3,6.5,101578.68306758451,1651.6829906879964
390599780003016,0,0,0,0,4,2.8,0,2.4,5.2,76189.20532299727,11.710974806808911
390599772003004,0,0,0,0,9,6.3,0,5.4,11.7,23223.516776094253,22.965811851544245
390599771002089,0,0,0,0,1,0.7,0,0.6,1.3,56819.11228510666,13.53341072109344
390599773002044,9,0,0,9,1,32.2,10.8,13.2,56.2,104544.38109099242,23758.969014035225
390599775002030,0,0,0,0,12,8.4,0,7.2,15.6,103860.8624500471,21648.42109821717
390599771001097,0,0,0,0,7,4.9,0,4.2,9.1,70671.4856399353,36.42832097722129
390599777001020,0,0,0,0,6,4.2,0,3.6,7.8,103827.72476280897,688.7722318292007
390599777001059,15,15,0,0,2,11.9,18,8.7,38.6,103483.95856960706,377.0604983471401
390599771001072,16,0,0,16,12,64.4,19.2,29.6,113.2,94679.42800394894,173.04655430905223
390599772003030,2,2,0,0,2,2.8,2.4,2.2,7.4,56374.91815880865,46.88230037521871
390599774001037,5,5,0,0,13,12.6,6,10.3,28.9,86058.5681081081,40.00319667657742
390599778002015,28,0,0,28,12,106.4,33.6,46.4,186.4,96801.00556337617,211.14050111472505
390599779003046,15,0,0,15,4,55.3,18,23.4,96.7,103735.7181593355,3811.963704486361
390599780001028,0,0,0,0,6,4.2,0,3.6,7.8,94002.68095201181,32.50779980263357
390599772002115,0,0,0,0,5,3.5,0,3,6.5,43615.21558592878,7.771882868782032
390599773001005,0,0,0,0,5,3.5,0,3,6.5,99982.39682298135,248.9652916468956
390599775001026,0,0,0,0,34,23.8,0,20.4,44.2,104161.12540371253,20927.239741322446
390599778004031,0,0,0,0,1,0.7,0,0.6,1.3,98380.7896396973,220.13259758636528
390599774002002,0,0,0,0,13,9.1,0,7.8,16.9,102479.70104394895,8797.51909492651
390599777003052,0,0,0,0,7,4.9,0,4.2,9.1,102107.4096163996,106.70003112717059
390599771002055,0,0,0,0,3,2.1,0,1.8,3.9,43128.419691871044,15.045956146092207
390599771002080,0,0,0,0,18,12.6,0,10.8,23.4,77503.59215737795,26.021872013886174
390599771002130,0,0,0,0,2,1.4,0,1.2,2.6,84598.55348947048,32.966071618412585
390599776003009,0,0,0,0,5,3.5,0,3,6.5,103752.70545248795,10100.660274750266
390599779002018,1,1,0,0,6,4.9,1.2,4.1,10.2,97892.74024048631,11.013001424413481
390599778001035,4,3,0,1,3,7.7,4.8,4.7,17.2,101305.84581871999,65.5680006603058
390599771004030,0,0,0,0,3,2.1,0,1.8,3.9,2988.4326911433077,4.7286108774037805
390599772001011,0,0,0,0,13,9.1,0,7.8,16.9,26699.7225478386,19.007333344699127
390599780004034,0,0,0,0,2,1.4,0,1.2,2.6,96351.86618726171,349.75930101610766
390599775002032,0,0,0,0,10,7,0,6,13,103376.73024999723,19894.459610595586
390599776002044,2,0,2,0,12,25.2,2.4,16.6,44.2,104747.33852229019,29859.975105933656
390599776003033,0,0,0,0,3,2.1,0,1.8,3.9,104083.8115170847,6260.915858316516
390599777002035,13,2,0,11,26,58.1,15.6,32,105.7,97044.13706606052,119.65047326339645
390599772001025,0,0,0,0,8,5.6,0,4.8,10.4,15769.68419870002,16.432703150585102
390599776001036,0,0,0,0,2,1.4,0,1.2,2.6,104335.86256775254,27923.74408983571
390599773001023,0,0,0,0,4,2.8,0,2.4,5.2,103688.86451753492,8161.665348328384
390599771003063,0,0,0,0,19,13.3,0,11.4,24.7,46135.72538191457,108.4738844434023
390599779003044,4,0,0,4,4,16.8,4.8,8,29.6,104299.45855773371,3959.758956561809
390599779001067,3,0,3,0,17,37.1,3.6,24.3,65,103922.61235126632,4791.515370855252
390599772004031,18,18,0,0,63,56.7,21.6,46.8,125.1,93719.40069245342,179.5952867072406
390599776002000,23,0,0,23,8,86.1,27.6,36.99999999999999,150.7,104822.44350530203,25114.044214237398
390599778004007,0,0,0,0,23,16.1,0,13.8,29.9,91320.08921524763,65.14934957430462
390599778004033,0,0,0,0,5,3.5,0,3,6.5,40137.22417705755,6.07817295543632
390599779004025,4,4,0,0,12,11.2,4.8,9.2,25.2,100771.46126072503,428.733151685545
390599778001054,0,0,0,0,49,34.3,0,29.4,63.7,87681.54984903226,78.41924052428168
390599777003029,0,0,0,0,2,1.4,0,1.2,2.6,102615.48713282873,475.49265995588
390599772001022,0,0,0,0,11,7.7,0,6.6,14.3,27898.038813530202,18.992615580785156
390599779004012,0,0,0,0,5,3.5,0,3,6.5,104469.3864405469,3397.7641882311314
390599771002056,0,0,0,0,13,9.1,0,7.8,16.9,17364.38045769661,18.09604182991782
390599776003004,0,0,0,0,6,4.2,0,3.6,7.8,104162.31356293969,7852.662931449144
390599773001010,28,0,0,28,5,101.5,33.6,42.2,177.3,102266.18752923752,1813.2141947025789
390599772002068,0,0,0,0,1,0.7,0,0.6,1.3,99526.86762440369,58.53825624744822
390599773002001,30,0,0,30,10,112,36,48,196,104242.62942401752,21744.93061120875
390599780004015,8,8,0,0,27,24.5,9.6,20.2,54.3,100485.53291860974,344.93364455499386
390599780001050,0,0,0,0,1,0.7,0,0.6,1.3,91558.01346115166,7.83995449887551
390599778003043,0,0,0,0,2,1.4,0,1.2,2.6,7753.735634712582,2.0030045069976032
390599780002015,0,0,0,0,1,0.7,0,0.6,1.3,90144.25752564798,32.73341942781298
390599771002119,0,0,0,0,15,10.5,0,9,19.5,25536.159971347366,26.01866239228196
390599771003086,0,0,0,0,18,12.6,0,10.8,23.4,32390.819086992247,30.767091602414887
390599772004022,0,0,0,0,6,4.2,0,3.6,7.8,79015.09811549546,10.38529160302014
390599774002011,4,0,0,4,13,23.1,4.8,13.4,41.3,102393.21829162989,9567.061540583056
390599772003016,8,0,0,8,3,30.1,9.6,13,52.7,73984.35050679035,58.675121817337434
390599775001025,0,0,0,0,4,2.8,0,2.4,5.2,103963.61248468857,22542.418882176553
390599775004015,7,0,7,0,7,63.7,8.4,37.1,109.2,103989.83322338096,20475.25567100982
390599778002003,1,0,0,1,1,4.2,1.2,2,7.4,96952.44878745684,496.0093254507841
390599779004020,0,0,0,0,2,1.4,0,1.2,2.6,104044.72457990215,3929.3230919644293
390599772002062,0,0,0,0,1,0.7,0,0.6,1.3,96353.71051018134,77.6505028765129
390599773001021,0,0,0,0,14,9.8,0,8.4,18.2,102550.98324207957,4368.459135857274
390599775002025,0,0,0,0,5,3.5,0,3,6.5,103561.43488256584,19421.176894040647
390599780002018,0,0,0,0,13,9.1,0,7.8,16.9,77507.55604528503,16.422795737878236
390599779004052,0,0,0,0,15,10.5,0,9,19.5,104038.15949954714,3675.6309564472344
390599773002073,0,0,0,0,4,2.8,0,2.4,5.2,103902.87595346091,22818.601086478324
390599772002037,0,0,0,0,4,2.8,0,2.4,5.2,57524.2456006455,18.073897227315175
390599774003016,0,0,0,0,10,7,0,6,13,103526.98255103186,16853.234125456263
390599775001000,0,0,0,0,8,5.6,0,4.8,10.4,104097.83434531109,11261.816265680445
390599778004000,1,0,1,0,14,18.2,1.2,13.1,32.5,91728.04071725073,36.7767395849194
390599771003054,0,0,0,0,1,0.7,0,0.6,1.3,13969.635031496726,3.506013398818932
390599775003002,0,0,0,0,7,4.9,0,4.2,9.1,103862.01828054302,21522.29881996671
390599778002008,0,0,0,0,3,2.1,0,1.8,3.9,96662.77184319097,21.653330412443573
390599772001009,3,0,0,3,14,20.3,3.6,12.6,36.5,4388.73259585525,39.57791915374359
390599778004055,0,0,0,0,2,1.4,0,1.2,2.6,90412.82076682667,442.0646370843724
390599773001019,0,0,0,0,2,1.4,0,1.2,2.6,101371.9380172201,2948.634330932399
390599771001073,0,0,0,0,1,0.7,0,0.6,1.3,100024.50223309547,164.42153765568378
390599780002029,0,0,0,0,22,15.4,0,13.2,28.6,60280.97424462342,52.34114147340908
390599779002014,78,0,0,78,10,280,93.6,115.2,488.8,100869.16112422287,1865.737622318042
390599773002040,0,0,0,0,16,11.2,0,9.6,20.8,103841.74795256241,18962.976469854828
390599771002066,0,0,0,0,1,0.7,0,0.6,1.3,95589.86490873208,153.02207080892433
390599771001038,0,0,0,0,1,0.7,0,0.6,1.3,46302.43902278999,4.018151801762358
390599774001026,0,0,0,0,5,3.5,0,3,6.5,90736.32088207908,14.336044324406668
390599771001016,0,0,0,0,7,4.9,0,4.2,9.1,5229.139343097349,9.00918892902979
390599771001087,1,1,0,0,4,3.5,1.2,2.9,7.6,55707.47792358433,18.83105072242308
390599779004062,0,0,0,0,6,4.2,0,3.6,7.8,103333.67181929047,2932.797717542661
390599780004054,0,0,0,0,3,2.1,0,1.8,3.9,99361.12113392341,398.6989335164612
390599777001054,0,0,0,0,5,3.5,0,3,6.5,91218.72553538947,6.40725788472429
390599772004072,42,16,2,24,14,121.8,50.4,59.4,231.6,94935.09658737277,850.2469655007353
390599773002013,0,0,0,0,3,2.1,0,1.8,3.9,103374.84198566993,9530.154399760817
390599772002090,0,0,0,0,3,2.1,0,1.8,3.9,65764.54011375041,3.772383010580618
390599772002074,0,0,0,0,5,3.5,0,3,6.5,98742.23884680847,83.61765225249069
390599779004065,0,0,0,0,2,1.4,0,1.2,2.6,101547.53553628633,1409.9485928674949
390599778004038,0,0,0,0,9,6.3,0,5.4,11.7,95792.18375200764,478.87715285427004
390599772001008,0,0,0,0,3,2.1,0,1.8,3.9,35704.87351248774,13.507129053934989
390599771001064,0,0,0,0,3,2.1,0,1.8,3.9,70534.84106825551,25.967003041607747
390599780003021,0,0,0,0,23,16.1,0,13.8,29.9,73169.38562726724,29.630500577994905
390599776003044,0,0,0,0,1,0.7,0,0.6,1.3,100605.86301467438,191.11922182248196
390599777003048,0,0,0,0,6,4.2,0,3.6,7.8,102270.71016787481,2074.336045225766
390599771002007,0,0,0,0,1,0.7,0,0.6,1.3,22730.46617560129,76.33072790284623
390599772004009,3,3,0,0,16,13.3,3.6,11.1,28,71729.33654814298,60.72632888639548
390599775001023,6,0,0,6,31,42.7,7.2,26.999999999999996,76.9,103746.36411510261,22062.878837224867
390599778004037,0,0,0,0,7,4.9,0,4.2,9.1,90648.98113453366,437.7931942334314
390599771002094,0,0,0,0,6,4.2,0,3.6,7.8,26173.41515231866,11.950125106502913
390599778003009,0,0,0,0,1,0.7,0,0.6,1.3,62301.875369497,12.545637215082275
390599777001077,0,0,0,0,2,1.4,0,1.2,2.6,100126.13456959734,27.206520514468806
390599774003008,0,0,0,0,6,4.2,0,3.6,7.8,103392.88047037816,16865.002419879656
390599777002029,24,0,0,24,9,90.3,28.8,38.99999999999999,158.1,100485.75107610876,263.3693935844705
390599776002052,0,0,0,0,15,10.5,0,9,19.5,104658.83526753636,28601.684915067734
390599778001069,0,0,0,0,1,0.7,0,0.6,1.3,100928.28638930111,28.469147482951893
390599775004006,0,0,0,0,5,3.5,0,3,6.5,103927.3981485618,20056.524636345595
390599771001074,0,0,0,0,2,1.4,0,1.2,2.6,99796.03824227219,160.94073048456204
390599779003012,0,0,0,0,7,4.9,0,4.2,9.1,103582.25502668775,4443.8972549502
390599773003009,0,0,0,0,11,7.7,0,6.6,14.3,104063.46814611359,22185.466401920872
390599775003026,0,0,0,0,4,2.8,0,2.4,5.2,103969.2157672354,23599.593838122288
390599775003021,0,0,0,0,8,5.6,0,4.8,10.4,103896.07983241837,24346.147322578574
390599773001030,0,0,0,0,9,6.3,0,5.4,11.7,101316.45380716931,1273.8918589727095
390599772004048,2,2,0,0,2,2.8,2.4,2.2,7.4,96934.46344328538,236.041552385494
390599771001045,12,12,0,0,6,12.6,14.4,9.6,36.6,51517.24127211761,36.22833356168256
390599772002052,0,0,0,0,5,3.5,0,3,6.5,83052.50371816351,12.491211399247788
390599773001028,62,0,0,62,13,226.1,74.4,94.6,395.1,103003.27505065099,2469.446700000185
390599772003009,0,0,0,0,2,1.4,0,1.2,2.6,52294.25861560998,22.44547615585594
390599771002057,0,0,0,0,8,5.6,0,4.8,10.4,36000.10480185633,10.125151976607897
390599772004001,0,0,0,0,8,5.6,0,4.8,10.4,100966.07597590316,25.253619876034218
390599776003024,0,0,0,0,1,0.7,0,0.6,1.3,104032.10550252539,5127.189780080337
390599777001051,1,0,0,1,18,16.1,1.2,12.2,29.5,66907.17109483203,32.47294214626702
390599772001010,0,0,0,0,4,2.8,0,2.4,5.2,36177.01178016118,8.921735206676324
390599777002016,45,0,0,45,18,170.1,54,73.8,297.9,96779.09620663647,297.10572033048146
390599780001064,0,0,0,0,7,4.9,0,4.2,9.1,89025.31711215182,19.465036713553072
390599774001018,0,0,0,0,7,4.9,0,4.2,9.1,95218.69637571102,33.47826701200607
390599775003017,0,0,0,0,24,16.8,0,14.4,31.2,104379.59179714546,24205.336652834227
390599774001010,0,0,0,0,101,70.7,0,60.6,131.3,89242.30897345308,376.045278324837
390599776001002,105,1,4,100,50,419.3,126,189.3,734.6,102859.7440585896,9994.671854009464
390599777001069,4,4,0,0,10,9.8,4.8,8,22.6,56812.49351956449,287.15729564561445
390599775001001,0,0,0,0,18,12.6,0,10.8,23.4,103982.5641552951,11680.31130938663
390599780003071,0,0,0,0,21,14.7,0,12.6,27.3,11913.619564135402,26.99695507840028
390599776003037,8,8,0,0,57,45.5,9.6,38.2,93.3,102826.17159204336,2677.1768061867806
390599777002049,4,0,0,4,28,33.6,4.8,22.4,60.8,94376.71469647804,85.5060497771616
390599772004013,0,0,0,0,1,0.7,0,0.6,1.3,91869.56171684065,3.5685704053029097
390599774001023,0,0,0,0,6,4.2,0,3.6,7.8,93297.84469343552,14.040446729045984
390599772004020,0,0,0,0,3,2.1,0,1.8,3.9,95193.09528790864,425.98420894298374
390599780004043,0,0,0,0,15,10.5,0,9,19.5,99994.39979173668,394.8639788584261
390599771002129,0,0,0,0,2,1.4,0,1.2,2.6,80675.50641673173,34.1791348604134
390599778004047,0,0,0,0,8,5.6,0,4.8,10.4,96938.33256315895,507.51562745589763
390599774001003,0,0,0,0,4,2.8,0,2.4,5.2,85725.40881317724,9.721704088758864
390599771004023,3,0,0,3,8,16.1,3.6,9,28.7,30128.934032683246,610.894042775943
390599771003070,0,0,0,0,7,4.9,0,4.2,9.1,8664.020570320627,471.30241358749254
390599776003035,4,4,0,0,5,6.3,4.8,5,16.1,102945.3690774731,5215.332708742785
390599772001004,0,0,0,0,1,0.7,0,0.6,1.3,8983.897646026893,7.374757897727467
390599772002072,0,0,0,0,6,4.2,0,3.6,7.8,98799.46373407038,83.8612900515126
390599774001043,125,28,2,95,69,417.2,150,197.8,765,102856.70445524706,855.880148974953
390599772004049,0,0,0,0,3,2.1,0,1.8,3.9,99984.65608721138,286.74853670061873
390599775004009,0,0,0,0,11,7.7,0,6.6,14.3,104178.18488537308,22645.62645433431
390599780003106,0,0,0,0,3,2.1,0,1.8,3.9,35536.41165496261,260.3964785724058
390599776002028,71,31,0,40,4,164.5,85.2,73.9,323.6,104727.69607469245,25770.474348397376
390599780002025,3,3,0,0,7,6.999999999999999,3.6,5.7,16.3,72392.44415996833,77.47542404433733
390599776001033,0,0,0,0,68,47.6,0,40.8,88.4,103759.40115422024,19189.011631638517
390599780004047,0,0,0,0,5,3.5,0,3,6.5,99320.22895428979,401.31286958970355
390599772002049,0,0,0,0,2,1.4,0,1.2,2.6,91263.8091624014,33.69388429436643
390599779004003,12,7,0,5,5,25.9,14.4,13.5,53.8,104679.87365598365,4214.1452162706055
390599776003038,0,0,0,0,13,9.1,0,7.8,16.9,103359.20571360357,3575.7304815773623
390599780004064,0,0,0,0,1,0.7,0,0.6,1.3,97899.31352090921,382.67837167035094
390599780003001,0,0,0,0,1,0.7,0,0.6,1.3,91121.50328963892,21.33717591199802
390599776003020,0,0,0,0,4,2.8,0,2.4,5.2,104087.75194372103,5512.966343942212
390599772001016,0,0,0,0,10,7,0,6,13,6097.484125367544,12.997944336199854
390599777003061,0,0,0,0,1,0.7,0,0.6,1.3,89991.9657599115,67.22309220865448
390599772002093,0,0,0,0,1,0.7,0,0.6,1.3,80896.03912999363,1.848332256435352
390599780003026,0,0,0,0,14,9.8,0,8.4,18.2,82766.9809928757,93.43980911929062
390599779003017,0,0,0,0,2,1.4,0,1.2,2.6,104104.0114235056,4703.945060807908
390599772004064,76,74,2,0,37,94.5,91.2,68.6,254.3,95305.88560999832,754.6829784070408
390599773003015,0,0,0,0,4,2.8,0,2.4,5.2,104141.83208208877,22847.715780373703
390599778002022,0,0,0,0,4,2.8,0,2.4,5.2,101403.41869610308,367.2530576195339
390599775002028,0,0,0,0,2,1.4,0,1.2,2.6,103554.3224042594,21164.235947490874
390599778002050,0,0,0,0,1,0.7,0,0.6,1.3,102898.32171273167,368.2690448375411
390599778004027,0,0,0,0,5,3.5,0,3,6.5,100855.22238214193,252.44406963179637
390599780003007,0,0,0,0,11,7.7,0,6.6,14.3,73383.36120631742,77.26221445449767
390599778002088,0,0,0,0,1,0.7,0,0.6,1.3,79234.5966412589,0.9999566143771392
390599777001017,0,0,0,0,2,1.4,0,1.2,2.6,103628.90214681151,673.7030333156254
390599771001019,0,0,0,0,4,2.8,0,2.4,5.2,7518.971805580811,6.198894932715006
390599771003052,0,0,0,0,4,2.8,0,2.4,5.2,18976.083704172655,6.099730743420142
390599771002099,0,0,0,0,5,3.5,0,3,6.5,60452.13589870689,28.527727277774613
390599774001030,263,0,0,263,36,945.7,315.6,389.8,1651.1,100972.81826223698,7413.309825067662
390599775001017,0,0,0,0,6,4.2,0,3.6,7.8,104613.44575332887,17297.959372869263
390599775003023,2,0,0,2,21,21.7,2.4,15.4,39.5,104199.03528140213,24112.94066429625
390599771002107,0,0,0,0,5,3.5,0,3,6.5,84144.2406722805,33.62026193758676
390599772002018,0,0,0,0,1,0.7,0,0.6,1.3,9788.322704233125,6.2055512078601796
390599772004005,0,0,0,0,19,13.3,0,11.4,24.7,86578.92692873668,32.655700414853506
390599771001085,0,0,0,0,6,4.2,0,3.6,7.8,42284.28295670245,8.949699559078136
390599773002038,0,0,0,0,6,4.2,0,3.6,7.8,103811.76144624385,19089.07138132981
390599776003028,0,0,0,0,7,4.9,0,4.2,9.1,103128.4133486712,3907.7819143137663
390599778002080,0,0,0,0,2,1.4,0,1.2,2.6,102910.26431735777,353.6283965947816
390599772002069,0,0,0,0,6,4.2,0,3.6,7.8,96529.08296983253,53.178818117232865
390599778003019,0,0,0,0,6,4.2,0,3.6,7.8,27453.64136196448,32.26097070015684
390599779004054,0,0,0,0,5,3.5,0,3,6.5,103744.63359618725,3366.367115590241
390599772003099,0,0,0,0,6,4.2,0,3.6,7.8,22485.87870051757,14.879115467600343
390599780004005,0,0,0,0,10,7,0,6,13,82056.99510830877,16.48337034348064
390599774002005,0,0,0,0,13,9.1,0,7.8,16.9,102464.31129627071,14609.620833982794
390599774002009,0,0,0,0,13,9.1,0,7.8,16.9,102809.28820450953,11229.318123753035
390599772002041,0,0,0,0,2,1.4,0,1.2,2.6,89015.72751591948,13.468549238582751
390599771004024,0,0,0,0,11,7.7,0,6.6,14.3,31793.20295625359,628.6761570032286
390599778002039,0,0,0,0,12,8.4,0,7.2,15.6,101841.48412570123,316.9128042965817
390599779002031,0,0,0,0,4,2.8,0,2.4,5.2,103811.17850431667,4072.4855555289328
390599774001049,0,0,0,0,8,5.6,0,4.8,10.4,102098.59293571969,1376.9122139886863
390599771001034,0,0,0,0,3,2.1,0,1.8,3.9,28459.313875833886,8.583151866438865
390599772004038,0,0,0,0,1,0.7,0,0.6,1.3,99050.53280358347,185.9259700545772
390599772004024,0,0,0,0,1,0.7,0,0.6,1.3,88009.3162929357,13.599826728617508
390599772004057,0,0,0,0,2,1.4,0,1.2,2.6,84254.72430894201,26.017452185359577
390599771002019,14,6,4,4,26,70,16.8,43.00000000000001,129.8,25592.07432063482,129.00200201510472
390599779001063,0,0,0,0,4,2.8,0,2.4,5.2,103403.7631794645,4544.99475781398
390599780003086,3,0,0,3,1,11.2,3.6,4.8,19.6,36435.28953517807,268.581010650548
390599780001008,188,177,0,11,5,165.9,225.6,106.9,498.4,101968.36592591974,1478.0578952203032
390599776001004,0,0,0,0,20,14,0,12,26,103752.74527411022,11827.846968593896
390599779001060,4,4,0,0,11,10.5,4.8,8.6,23.9,104083.20080140475,4794.916120997041
390599777002044,0,0,0,0,15,10.5,0,9,19.5,97175.90207149938,28.65605517018823
390599779003037,0,0,0,0,49,34.3,0,29.4,63.7,103377.10278578478,3249.0947453245876
390599775002029,0,0,0,0,9,6.3,0,5.4,11.7,103575.48326413284,21053.93580650826
390599775001028,0,0,0,0,2,1.4,0,1.2,2.6,103964.54709693398,23295.757497569473
390599779003013,0,0,0,0,8,5.6,0,4.8,10.4,103807.97150328633,4480.647299848188
390599772004083,0,0,0,0,1,0.7,0,0.6,1.3,89145.18516166153,30.555329663352833
390599778002059,4,0,0,4,22,29.4,4.8,18.8,52.99999999999999,93300.21240595312,172.03676933839262
390599780001014,0,0,0,0,14,9.8,0,8.4,18.2,85012.096829235,43.02981776727167
390599779001030,0,0,0,0,3,2.1,0,1.8,3.9,102389.28912769201,2286.461036736593
390599772004059,2,2,0,0,6,5.6,2.4,4.6,12.6,91483.06111474804,144.41286893685503
390599776001009,2,0,0,2,6,11.2,2.4,6.4,20,104935.08948794249,15520.585395362168
390599773003019,27,26,0,1,1,22.4,32.4,15,69.8,102118.68104401203,1768.6374898213396
390599772001017,0,0,0,0,1,0.7,0,0.6,1.3,48467.88172212438,24.274047187938734
390599772001050,5,5,0,0,25,21,6,17.5,44.5,70297.01247947864,67.31284637935777
390599772002032,0,0,0,0,8,5.6,0,4.8,10.4,26825.42531535621,17.65712386735782
390599772002063,0,0,0,0,7,4.9,0,4.2,9.1,98412.95276296353,85.18205155054439
390599774003026,0,0,0,0,3,2.1,0,1.8,3.9,103295.08368636784,16939.74259957289
390599771003027,0,0,0,0,3,2.1,0,1.8,3.9,14737.137599793412,2.9990551835517736
390599780001062,0,0,0,0,13,9.1,0,7.8,16.9,94543.7309027424,17.390864669554972
390599775002004,40,0,0,40,3,142.1,48,57.8,247.9,102723.6586913905,15602.803987574096
390599771002016,0,0,0,0,10,7,0,6,13,24270.726655676866,61.97000595845069
390599778002018,0,0,0,0,15,10.5,0,9,19.5,90544.1326062128,235.16027910732802
390599780004039,0,0,0,0,4,2.8,0,2.4,5.2,100075.21565703387,409.84669253988466
390599771003056,48,0,0,48,14,177.8,57.6,75.6,311,13151.558605126664,333.8114403945681
390599771002059,0,0,0,0,11,7.7,0,6.6,14.3,71535.02259383768,34.078671759714574
390599778001033,0,0,0,0,2,1.4,0,1.2,2.6,101747.4527153416,39.607039808024474
390599778002033,0,0,0,0,3,2.1,0,1.8,3.9,102217.30458620527,342.13664760070117
390599780001043,0,0,0,0,13,9.1,0,7.8,16.9,95608.12790230167,16.68857628865553
390599780002005,1,1,0,0,20,14.7,1.2,12.5,28.4,91805.78001163733,30.61979484694029
390599771003028,0,0,0,0,6,4.2,0,3.6,7.8,32015.83591133609,12.052740959896237
390599771002058,0,0,0,0,2,1.4,0,1.2,2.6,49401.785992517514,2.028398426059097
390599780003008,0,0,0,0,2,1.4,0,1.2,2.6,87041.77269418837,100.98488602684046
390599779004040,0,0,0,0,1,0.7,0,0.6,1.3,101190.1991994991,1365.6461754548802
390599779004038,281,248,0,33,16,300.3,337.2,179.8,817.3,95787.56908813774,1260.0030132390425
390599772002110,0,0,0,0,2,1.4,0,1.2,2.6,87152.18878484712,20.5897453364316
390599772001054,0,0,0,0,10,7,0,6,13,4657.281594744189,12.98415541989485
390599778003063,0,0,0,0,17,11.9,0,10.2,22.1,77605.54163760434,254.76357689434175
390599778001061,0,0,0,0,4,2.8,0,2.4,5.2,56127.47210993868,25.144906132145564
390599778001058,0,0,0,0,25,17.5,0,15,32.5,87634.10651671542,152.92150573950846
390599771002001,0,0,0,0,2,1.4,0,1.2,2.6,29472.769466435464,78.74366838570856
390599773003016,0,0,0,0,5,3.5,0,3,6.5,104004.37545486684,22667.944096809515
390599774003029,0,0,0,0,12,8.4,0,7.2,15.6,103238.84525232392,18872.067634351653
390599778004034,30,0,0,30,11,112.7,36,48.6,197.3,65032.648402939216,221.6714477432947
390599778004030,0,0,0,0,6,4.2,0,3.6,7.8,88392.9229908537,32.90990079716219
390599779003023,0,0,0,0,5,3.5,0,3,6.5,104221.78003961,4301.831016221256
390599776003027,0,0,0,0,5,3.5,0,3,6.5,103714.24900867222,4882.489969408294
390599772004032,0,0,0,0,8,5.6,0,4.8,10.4,97443.49090690726,209.99682102362902
390599772001037,0,0,0,0,1,0.7,0,0.6,1.3,74747.33279856609,42.05095691009159
390599772002050,0,0,0,0,1,0.7,0,0.6,1.3,91229.76356835665,58.53301360674729
390599779001065,0,0,0,0,13,9.1,0,7.8,16.9,103386.53040910502,4872.289834795269
390599780004055,0,0,0,0,5,3.5,0,3,6.5,75431.27040701259,31.24809187566714
390599771003090,0,0,0,0,4,2.8,0,2.4,5.2,46195.47415421644,110.84148953127598
390599778002061,0,0,0,0,2,1.4,0,1.2,2.6,86840.1166414184,14.818431425954937
390599779002041,11,0,0,11,3,40.6,13.2,17.2,71,103602.81260466667,4415.467514057068
390599772004015,0,0,0,0,12,8.4,0,7.2,15.6,76060.66984105986,92.27091900213655
390599771001061,1,0,0,1,12,11.9,1.2,8.6,21.7,67162.58137960828,31.5287229606167
390599771001048,0,0,0,0,10,7,0,6,13,61967.91300199009,16.728501495470596
390599772001023,0,0,0,0,13,9.1,0,7.8,16.9,63522.135110301206,17.667750517869674
390599771003082,0,0,0,0,7,4.9,0,4.2,9.1,46902.70551872723,110.12494984871934
390599777003033,0,0,0,0,10,7,0,6,13,102956.5085136431,431.24773618875696
390599771002088,0,0,0,0,5,3.5,0,3,6.5,11298.513516187257,9.793689881911058
390599780003003,0,0,0,0,5,3.5,0,3,6.5,82798.02784536993,35.2771731882351
390599780001059,0,0,0,0,2,1.4,0,1.2,2.6,97920.37035076148,53.35477038045891
390599772004053,10,10,0,0,11,14.7,12,11.6,38.3,92551.97269594153,606.43526995016
390599778003050,0,0,0,0,4,2.8,0,2.4,5.2,90581.56361567328,108.2589831006611
390599778002017,0,0,0,0,1,0.7,0,0.6,1.3,85654.13664947283,141.6571705270285
390599778004029,0,0,0,0,7,4.9,0,4.2,9.1,100623.72358603911,241.70091264072838
390599775003006,0,0,0,0,8,5.6,0,4.8,10.4,103889.48153821779,23004.830209482407
390599772004017,0,0,0,0,1,0.7,0,0.6,1.3,97116.76529216359,430.22608442125795
390599773001003,0,0,0,0,35,24.5,0,21,45.5,97639.08362346858,46.93146001181421
390599773001004,11,11,0,0,140,105.7,13.2,89.5,208.4,99631.67175213194,244.21295701193873
390599772004088,0,0,0,0,1,0.7,0,0.6,1.3,73431.3411514732,5.931665641785142
390599778002027,0,0,0,0,5,3.5,0,3,6.5,102021.01081116458,329.49096691929407
390599780004038,0,0,0,0,4,2.8,0,2.4,5.2,100238.77024914548,388.3164569311661
390599773003008,0,0,0,0,5,3.5,0,3,6.5,104099.41664372847,23340.326351551153
390599779003014,0,0,0,0,6,4.2,0,3.6,7.8,102611.28398561754,3306.5455127609684
390599771001069,0,0,0,0,11,7.7,0,6.6,14.3,90709.37616839165,31.617638859276322
390599771001094,0,0,0,0,15,10.5,0,9,19.5,53615.28316448661,65.88132254700258
390599779001066,0,0,0,0,15,10.5,0,9,19.5,103354.35366189205,4811.369049039873
390599779001059,0,0,0,0,10,7,0,6,13,104003.00971389547,4865.852325449565
390599780001002,5,0,0,5,13,26.6,6,14.8,47.4,103227.70779518763,109.95615038451147
390599771003094,0,0,0,0,1,0.7,0,0.6,1.3,18922.912116430714,7.731269922613344
390599772004027,0,0,0,0,3,2.1,0,1.8,3.9,77465.90033002423,6.546054174569869
390599780003036,0,0,0,0,8,5.6,0,4.8,10.4,29228.78422273978,19.658751651293564
390599780003065,0,0,0,0,12,8.4,0,7.2,15.6,18658.402647375653,15.276495607344739
390599773002025,0,0,0,0,4,2.8,0,2.4,5.2,102906.72758588467,7369.694269741
390599780003051,0,0,0,0,21,14.7,0,12.6,27.3,47221.15067838054,27.223896612755624
390599771001028,0,0,0,0,3,2.1,0,1.8,3.9,43179.03101515739,9.200686699863526
390599772002092,0,0,0,0,5,3.5,0,3,6.5,77487.42462541394,15.00463756292368
390599778004024,0,0,0,0,13,9.1,0,7.8,16.9,99548.49111562826,237.27718496586866
390599778001067,0,0,0,0,1,0.7,0,0.6,1.3,97190.40965714269,490.7225008973008
390599778003056,0,0,0,0,1,0.7,0,0.6,1.3,75617.77757173928,108.09935935929393
390599772001047,0,0,0,0,12,8.4,0,7.2,15.6,4541.132239257705,15.002937185025718
390599773003038,0,0,0,0,3,2.1,0,1.8,3.9,103914.60682384866,22760.840834326005
390599777001037,0,0,0,0,1,0.7,0,0.6,1.3,67300.63481573046,6.855596521911493
390599775003009,0,0,0,0,1,0.7,0,0.6,1.3,103806.4707606204,22157.637671937093
390599776002030,7,0,0,7,3,26.6,8.4,11.6,46.6,104727.46188006758,26038.133169647248
390599775002003,104,0,0,104,25,381.5,124.8,160.6,666.9,103214.62790720387,13962.946924881902
390599780004045,0,0,0,0,11,7.7,0,6.6,14.3,99330.665508913,417.0367644917603
390599780003055,0,0,0,0,3,2.1,0,1.8,3.9,28330.278811229706,3.0158867959334987
390599779004016,0,0,0,0,4,2.8,0,2.4,5.2,104419.27261098467,3703.222739273879
390599773002058,0,0,0,0,1,0.7,0,0.6,1.3,103888.28432213055,21621.399606331604
390599772001007,0,0,0,0,4,2.8,0,2.4,5.2,17833.95847225965,33.44142790285761
390599772002085,0,0,0,0,6,4.2,0,3.6,7.8,81105.50668355614,8.87375330233553
390599772003006,0,0,0,0,8,5.6,0,4.8,10.4,47629.08835071665,22.790589237500193
390599773002060,0,0,0,0,2,1.4,0,1.2,2.6,103998.90648037934,21594.28775463553
390599780004018,0,0,0,0,7,4.9,0,4.2,9.1,98764.54146710614,369.21131542821644
390599774003024,0,0,0,0,16,11.2,0,9.6,20.8,103603.73976786216,18709.134096329708
390599771001086,0,0,0,0,3,2.1,0,1.8,3.9,79474.38965498835,25.21391865183164
390599772004058,0,0,0,0,4,2.8,0,2.4,5.2,85554.23186761835,26.70467865900668
390599779002027,0,0,0,0,2,1.4,0,1.2,2.6,103403.05141588197,3991.2054594707197
390599780003094,0,0,0,0,1,0.7,0,0.6,1.3,7998.922507586844,28.83028227152664
390599774001031,0,0,0,0,2,1.4,0,1.2,2.6,100731.2892168329,3630.315583230884
390599780003109,0,0,0,0,3,2.1,0,1.8,3.9,34088.96936406028,267.16914963555183
390599780003097,0,0,0,0,3,2.1,0,1.8,3.9,34997.19465743421,256.5873134102712
390599772002013,0,0,0,0,1,0.7,0,0.6,1.3,3812.679673014841,1.5291955989053427
390599780004033,0,0,0,0,8,5.6,0,4.8,10.4,95450.09033889705,258.5743626082573
390599772003069,0,0,0,0,4,2.8,0,2.4,5.2,73483.69371971495,18.44941108157189
390599773003003,2,0,0,2,64,51.8,2.4,41.2,95.4,103743.21936645627,22607.404902934173
390599773002037,0,0,0,0,10,7,0,6,13,103727.10178361631,17706.202310457276
390599771002062,0,0,0,0,2,1.4,0,1.2,2.6,92631.7894947,671.2031946077077
390599772001000,0,0,0,0,13,9.1,0,7.8,16.9,1604.684445979074,28.95013018347756
390599778002090,0,0,0,0,4,2.8,0,2.4,5.2,97702.27921170721,506.895734012611
390599778004062,0,0,0,0,4,2.8,0,2.4,5.2,98789.72061634371,510.5590889872132
390599772003037,0,0,0,0,4,2.8,0,2.4,5.2,57100.80821488004,56.37749411065455
390599772003088,0,0,0,0,2,1.4,0,1.2,2.6,90814.79436602705,28.645007245566518
390599780002031,0,0,0,0,13,9.1,0,7.8,16.9,73352.78744895758,71.69693345339236
390599779004019,0,0,0,0,9,6.3,0,5.4,11.7,103869.07963464562,3732.2806933902957
390599774001038,0,0,0,0,6,4.2,0,3.6,7.8,98408.25937655936,51.79830253099218
390599780004030,0,0,0,0,1,0.7,0,0.6,1.3,97528.25090605287,339.6867298101685
390599775002012,0,0,0,0,7,4.9,0,4.2,9.1,104133.45701440772,15245.236336126332
390599772001034,0,0,0,0,14,9.8,0,8.4,18.2,75822.84656349388,54.96004601346803
390599780003033,0,0,0,0,2,1.4,0,1.2,2.6,67242.7326561236,7.869189394020367
390599773001007,0,0,0,0,11,7.7,0,6.6,14.3,101342.44872889851,409.5789173535252
390599774001058,85,0,0,85,181,424.2,102,227.6,753.8,100202.22250577682,7376.248338032269
390599778002042,0,0,0,0,3,2.1,0,1.8,3.9,102806.15300951814,359.5277128597468
390599772002099,0,0,0,0,3,2.1,0,1.8,3.9,57351.19879878692,28.957006144940173
390599772004025,2,2,0,0,6,5.6,2.4,4.6,12.6,74879.87115749852,12.004452087347099
390599772004051,0,0,0,0,29,20.3,0,17.4,37.7,97588.83080815004,727.6502764366485
390599780003087,0,0,0,0,3,2.1,0,1.8,3.9,38062.75074528985,269.30561197754946
390599779001046,0,0,0,0,6,4.2,0,3.6,7.8,103382.70482173104,4602.408608195636
390599777001018,0,0,0,0,2,1.4,0,1.2,2.6,103813.152163642,678.7646480717478
390599780003005,0,0,0,0,6,4.2,0,3.6,7.8,83665.61716301028,45.632277238360224
390599776002012,0,0,0,0,16,11.2,0,9.6,20.8,104497.09623692371,24551.62828756176
390599776002035,10,0,0,10,1,35.7,12,14.6,62.3,104763.85736256199,26800.902223494268
390599776003007,0,0,0,0,1,0.7,0,0.6,1.3,102996.284860686,5956.132605682155
390599773002067,0,0,0,0,5,3.5,0,3,6.5,104040.5801275867,22244.71181633649
390599775001016,0,0,0,0,6,4.2,0,3.6,7.8,104290.52784125086,16845.266937138284
390599777002000,2,0,0,2,2,8.4,2.4,4,14.8,98929.31894580675,156.9865814141205
390599778001046,0,0,0,0,6,4.2,0,3.6,7.8,103043.4351614512,790.9058481898794
390599780003067,0,0,0,0,2,1.4,0,1.2,2.6,60499.050013699605,2.003089400133253
390599779003041,0,0,0,0,5,3.5,0,3,6.5,104121.73330233619,4266.530298980503
390599772003050,0,0,0,0,9,6.3,0,5.4,11.7,59293.33043005048,22.558538408146404
390599772002103,0,0,0,0,1,0.7,0,0.6,1.3,75681.87123694214,13.992195046674095
390599771003102,0,0,0,0,1,0.7,0,0.6,1.3,39159.871568315524,655.6595380593643
390599777001019,0,0,0,0,8,5.6,0,4.8,10.4,103358.69884108052,662.1350853003523
390599778002048,0,0,0,0,1,0.7,0,0.6,1.3,102547.48731291587,355.1644573801447
390599779003024,0,0,0,0,1,0.7,0,0.6,1.3,104136.60346022772,4052.506621536567
390599778002081,0,0,0,0,4,2.8,0,2.4,5.2,97935.221030517,60.26826790089389
390599773003057,9,0,0,9,1,32.2,10.8,13.2,56.2,103811.61287050095,17167.421770397585
390599772001043,0,0,0,0,1,0.7,0,0.6,1.3,10400.664757522149,509.49866055518083
390599771002113,0,0,0,0,3,2.1,0,1.8,3.9,19384.023097563804,3.7795653065665893
390599779001014,0,0,0,0,1,0.7,0,0.6,1.3,102537.6292221482,2724.425513513491
390599778001024,0,0,0,0,25,17.5,0,15,32.5,96887.37266613677,94.66383812008738
390599772002022,2,0,0,2,4,9.8,2.4,5.2,17.4,77142.1861650058,18.554330974772828
390599780003027,0,0,0,0,8,5.6,0,4.8,10.4,58883.49473721901,9.999687729431903
390599771001002,0,0,0,0,2,1.4,0,1.2,2.6,2813.9903504596227,12.70631688744105
390599776001037,0,0,0,0,10,7,0,6,13,104134.09978455484,27249.6869768115
390599780004028,0,0,0,0,12,8.4,0,7.2,15.6,97418.71695915835,372.49359082683935
390599772004069,5,5,0,0,5,7,6,5.5,18.5,99518.1868125757,1001.8808754500374
390599772004085,0,0,0,0,14,9.8,0,8.4,18.2,99177.78310546077,867.994096568841
390599771004016,0,0,0,0,12,8.4,0,7.2,15.6,20334.66454631475,363.9486032394736
390599779003042,0,0,0,0,3,2.1,0,1.8,3.9,104028.07465838687,4179.1292150728705
390599775003013,0,0,0,0,12,8.4,0,7.2,15.6,103870.096225451,24151.9953098526
390599772001049,0,0,0,0,4,2.8,0,2.4,5.2,60248.49296180601,5.244820288122602
390599772002044,0,0,0,0,8,5.6,0,4.8,10.4,73829.69498932848,25.798552962003846
390599778002067,0,0,0,0,4,2.8,0,2.4,5.2,96941.97405759028,45.62348771959966
390599773002042,0,0,0,0,15,10.5,0,9,19.5,103738.86262328346,18786.98174490584
390599776002009,0,0,0,0,15,10.5,0,9,19.5,104262.43498206625,25177.703961898893
390599771004019,10,0,6,4,7,69.3,12,38.00000000000001,119.3,39105.172876631485,656.1104915277198
390599780004048,0,0,0,0,9,6.3,0,5.4,11.7,98866.50406361248,395.9175458760923
390599772001012,0,0,0,0,4,2.8,0,2.4,5.2,24297.111956446948,5.799513207408217
390599778004058,0,0,0,0,9,6.3,0,5.4,11.7,96972.2411805007,506.84711233161335
390599771003080,0,0,0,0,3,2.1,0,1.8,3.9,50588.01692772495,111.2192328022419
390599772002060,0,0,0,0,5,3.5,0,3,6.5,76246.72671113384,14.633571718290183
390599775003016,23,16,0,7,9,42,27.6,23.2,92.8,104069.9149763385,23612.20042959139
390599780002022,0,0,0,0,2,1.4,0,1.2,2.6,88308.99585877836,85.09640750446098
390599772001072,0,0,0,0,3,2.1,0,1.8,3.9,51995.162124281116,16.564265940781823
390599780003098,0,0,0,0,4,2.8,0,2.4,5.2,35832.09745018702,264.0300059896847
390599780003056,0,0,0,0,1,0.7,0,0.6,1.3,47907.39289825435,6.960141111551987
390599776001025,1,0,0,1,20,17.5,1.2,13.4,32.1,103272.04635110736,8034.077297965348
390599773002049,439,44,2,393,48,1456.7,526.8,610.4,2593.9,104584.17979942751,23288.73742512693
390599778001008,0,0,0,0,29,20.3,0,17.4,37.7,96669.0124906685,126.94420963587642
390599771002076,0,0,0,0,5,3.5,0,3,6.5,64435.8261235116,6.197755474301995
390599771003029,0,0,0,0,4,2.8,0,2.4,5.2,64754.59137860625,64.87620963094932
390599775004008,0,0,0,0,9,6.3,0,5.4,11.7,103795.47548911867,21802.391599353054
390599771003078,0,0,0,0,5,3.5,0,3,6.5,46067.638979478885,111.6773324331583
390599779002002,0,0,0,0,4,2.8,0,2.4,5.2,103456.01931438051,3451.3341538013815
390599776002008,27,0,0,27,4,97.3,32.4,40.2,169.9,104476.7956455651,26548.991573489348
390599776003021,0,0,0,0,9,6.3,0,5.4,11.7,103814.63883679695,5397.886985257467
390599778001051,0,0,0,0,16,11.2,0,9.6,20.8,79829.90374073562,25.133859297841376
390599780004027,0,0,0,0,20,14,0,12,26,84902.2639204764,123.38833902443864
390599771001009,0,0,0,0,3,2.1,0,1.8,3.9,3052.1353958528703,2.999896969518846
390599772003045,0,0,0,0,1,0.7,0,0.6,1.3,73350.39329133893,59.89326050045073
390599771004009,0,0,0,0,22,15.4,0,13.2,28.6,31227.202771893088,637.6726747013151
390599778002089,0,0,0,0,10,7,0,6,13,94523.13104620481,35.222467765737235
390599778003042,0,0,0,0,2,1.4,0,1.2,2.6,10901.506957789205,2.3672811318115468
390599772003014,0,0,0,0,1,0.7,0,0.6,1.3,64569.0811042801,56.546581376706186
390599775004001,1,0,0,1,41,32.2,1.2,25.999999999999996,59.4,103477.04736595841,22170.78357268026
390599772003060,0,0,0,0,6,4.2,0,3.6,7.8,58414.03007060635,13.366282807897253
390599773002080,0,0,0,0,6,4.2,0,3.6,7.8,103502.84371390089,746.203688782279
390599771003097,0,0,0,0,2,1.4,0,1.2,2.6,5936.312106520868,25.5548240586136
390599779004056,0,0,0,0,4,2.8,0,2.4,5.2,103595.07176896669,3616.1351429914453
390599777002034,0,0,0,0,12,8.4,0,7.2,15.6,98424.75449399426,15.912961353850493
390599775002017,0,0,0,0,11,7.7,0,6.6,14.3,103964.26206460332,20002.07522030386
390599774003000,208,208,0,0,43,175.7,249.6,129.8,555.1,102441.60627731204,9056.78758920974
390599772004004,0,0,0,0,4,2.8,0,2.4,5.2,96997.09441776139,35.0809200382096
390599779002005,0,0,0,0,5,3.5,0,3,6.5,103475.90360602623,3351.4787930004254
390599780003108,5,0,0,5,1,18.2,6,7.6,31.8,34522.01181242843,265.9639021912535
390599779004047,0,0,0,0,1,0.7,0,0.6,1.3,102426.97706434672,1430.2430505172688
390599771002114,0,0,0,0,3,2.1,0,1.8,3.9,24908.65789357745,9.863754739286522
390599780003002,0,0,0,0,7,4.9,0,4.2,9.1,85817.8568862418,18.929979664982085
390599776002037,0,0,0,0,2,1.4,0,1.2,2.6,104442.50573094214,26421.594640649237
390599780004029,0,0,0,0,2,1.4,0,1.2,2.6,96747.80016454592,369.90494853599677
390599779004026,0,0,0,0,7,4.9,0,4.2,9.1,103604.59466405581,2360.8136030309024
390599774003010,0,0,0,0,4,2.8,0,2.4,5.2,103137.84445632379,13321.892933382156
390599774003054,0,0,0,0,8,5.6,0,4.8,10.4,104026.31560900484,19967.525010123452
390599777001016,0,0,0,0,5,3.5,0,3,6.5,104230.05296863266,789.5200848455926
390599776002004,10,0,0,10,5,38.5,12,17,67.5,104355.48667261138,25454.337117122814
390599779004063,0,0,0,0,3,2.1,0,1.8,3.9,104192.11456189508,3325.7924017939276
390599779003025,0,0,0,0,9,6.3,0,5.4,11.7,103723.04199944742,4131.809609374735
390599771002073,0,0,0,0,4,2.8,0,2.4,5.2,75464.80523679899,16.741469804288197
390599773003042,200,0,0,200,1,700.7,240,280.6,1221.3,103919.5679148193,17946.048782021822
390599772002025,0,0,0,0,15,10.5,0,9,19.5,5136.9275478209365,19.30412755281356
390599780004024,0,0,0,0,9,6.3,0,5.4,11.7,98615.71599745058,396.16392006470556
390599773002012,0,0,0,0,12,8.4,0,7.2,15.6,102886.0373996998,3210.0485169230697
390599775003024,0,0,0,0,9,6.3,0,5.4,11.7,103523.06011897372,22876.904037411525
390599771003092,0,0,0,0,1,0.7,0,0.6,1.3,17330.608057343423,23.087218745527473
390599771003060,4,0,0,4,11,21.7,4.8,12.2,38.7,11923.52626041947,37.99472055164389
390599776002032,37,0,12,25,5,191.8,44.4,94.4,330.6,105006.65805094516,29103.92999698376
390599775001022,0,0,0,0,23,16.1,0,13.8,29.9,104297.97847073742,21700.390068096705
390599772003075,0,0,0,0,3,2.1,0,1.8,3.9,45762.688872667255,6.807969280581604
390599780002001,0,0,0,0,5,3.5,0,3,6.5,97809.36093021728,163.35499429536918
390599777003022,0,0,0,0,43,30.1,0,25.8,55.9,96290.7033531736,72.45639886384575
390599771003053,0,0,0,0,1,0.7,0,0.6,1.3,37053.05904661212,6.012684922547076
390599771002097,0,0,0,0,1,0.7,0,0.6,1.3,25995.761352749945,5.001522381859968
390599774001057,0,0,0,0,4,2.8,0,2.4,5.2,102471.00903868645,9156.617841508496
390599780003018,0,0,0,0,1,0.7,0,0.6,1.3,70460.10747895719,10.823852039320368
390599780003113,0,0,0,0,1,0.7,0,0.6,1.3,21891.65946022566,192.2857842070831
390599780001046,0,0,0,0,10,7,0,6,13,83892.11910144058,69.77065101633812
390599773003006,0,0,0,0,10,7,0,6,13,104091.09008861285,24519.608030289135
390599777003031,2,2,0,0,27,20.3,2.4,17.2,39.9,101943.73227057092,295.42157122777274
390599780004003,6,6,0,0,23,20.3,7.2,16.8,44.3,88936.56423149256,130.0992708859059
390599779003045,0,0,0,0,2,1.4,0,1.2,2.6,104016.36558030719,4012.18402325188
390599771001078,0,0,0,0,7,4.9,0,4.2,9.1,55865.12970360661,24.026881439204633
390599776003042,0,0,0,0,4,2.8,0,2.4,5.2,103757.98269524881,4732.50162732718
390599771003062,0,0,0,0,3,2.1,0,1.8,3.9,45675.25255638022,109.25421600211972
390599771001053,2,2,0,0,16,12.6,2.4,10.6,25.6,64222.48045184549,25.029913912904775
390599780002020,12,10,0,2,14,23.8,14.4,16.2,54.4,80036.5086417044,56.16995952019701
390599779002026,0,0,0,0,4,2.8,0,2.4,5.2,96480.92823509788,33.36279874378602
390599780001066,0,0,0,0,1,0.7,0,0.6,1.3,95739.13805637557,45.80538241573114
390599777003058,0,0,0,0,5,3.5,0,3,6.5,101192.60266635095,71.2563903611265
390599774002021,0,0,0,0,9,6.3,0,5.4,11.7,102830.75441239572,12980.87405478778
390599772004028,0,0,0,0,2,1.4,0,1.2,2.6,85504.14116445652,7.559393261806768
390599772001100,0,0,0,0,14,9.8,0,8.4,18.2,94026.11032987943,69.96739908914226
390599777003021,0,0,0,0,2,1.4,0,1.2,2.6,102674.89206009194,83.95934948105713
390599779001044,0,0,0,0,5,3.5,0,3,6.5,103156.74682071459,4635.552611504482
390599780002027,8,8,0,0,30,26.6,9.6,22,58.2,68513.36153320866,58.968732673716296
390599779002023,0,0,0,0,17,11.9,0,10.2,22.1,91417.4477794881,31.221296805812003
390599778002065,0,0,0,0,2,1.4,0,1.2,2.6,98693.85501708981,86.55860035818417
390599771003091,0,0,0,0,10,7,0,6,13,8922.16969909746,24.062223315363156
390599772002087,2,0,0,2,13,16.1,2.4,10.6,29.1,26078.76012980624,28.929099616324194
390599772004054,0,0,0,0,5,3.5,0,3,6.5,88819.94619247234,74.95448658461231
390599778004054,0,0,0,0,7,4.9,0,4.2,9.1,90296.86897648,428.8981637556938
390599771002133,13,0,13,0,6,113.4,15.6,64.7,193.7,97174.04847025532,218.6605843889514
390599778002082,0,0,0,0,4,2.8,0,2.4,5.2,98158.01196423014,67.8702644795984
390599780003076,0,0,0,0,1,0.7,0,0.6,1.3,6506.64892376567,75.86807301691296
390599777001089,0,0,0,0,2,1.4,0,1.2,2.6,100544.32783587919,79.44901083603364
390599771003075,0,0,0,0,8,5.6,0,4.8,10.4,39051.66218396179,653.1440446621585
390599775002001,0,0,0,0,4,2.8,0,2.4,5.2,103201.15505633038,12483.32998288989
390599777001056,59,11,46,2,19,414.4,70.8,235.9,721.1,79754.03267825238,721.0679149727871
390599773002056,0,0,0,0,9,6.3,0,5.4,11.7,103822.399496664,20716.66288269617
390599772003053,0,0,0,0,4,2.8,0,2.4,5.2,36034.630837761375,11.353207325960748
390599779003018,0,0,0,0,2,1.4,0,1.2,2.6,104093.65143368216,4760.398830436547
390599780001017,0,0,0,0,13,9.1,0,7.8,16.9,99625.46353308462,67.87028321193661
390599774003020,12,0,12,0,6,105.00000000000001,14.4,60.00000000000001,179.4,103464.47166258302,16150.232215532338
390599773003011,0,0,0,0,2,1.4,0,1.2,2.6,103690.01423586505,19278.565849160397
390599778001032,0,0,0,0,18,12.6,0,10.8,23.4,84522.02696251548,26.598520422345928
390599771003084,0,0,0,0,3,2.1,0,1.8,3.9,54467.212546196206,112.0105226454787
390599777003032,28,5,0,23,161,196.7,33.6,131.3,361.6,102202.972647734,384.1877008031242
390599771002038,0,0,0,0,19,13.3,0,11.4,24.7,5025.363698686008,23.999334535229945
390599771002033,0,0,0,0,5,3.5,0,3,6.5,23476.72850211096,20.118977871122524
390599772004077,0,0,0,0,13,9.1,0,7.8,16.9,99942.81128016974,225.95868686930817
390599777003035,0,0,0,0,38,26.6,0,22.8,49.4,99133.93330530576,66.71531932386745
390599778002034,0,0,0,0,10,7,0,6,13,102059.89978975023,331.4333959138899
390599780004016,0,0,0,0,1,0.7,0,0.6,1.3,97087.48755647302,292.0247542072308
390599776002019,14,0,0,14,9,55.3,16.8,24.999999999999996,97.1,104508.7778212092,25097.781165520155
390599778002084,0,0,0,0,2,1.4,0,1.2,2.6,103369.0057415742,364.2200107521659
390599772002048,0,0,0,0,2,1.4,0,1.2,2.6,88663.5125366489,31.38427433575048
390599778004046,2,2,0,0,6,5.6,2.4,4.6,12.6,96469.73030202085,506.20279983341396
390599771001055,0,0,0,0,3,2.1,0,1.8,3.9,28074.448551027956,3.757584714048096
390599771003067,0,0,0,0,3,2.1,0,1.8,3.9,54573.54163343973,32.58269876792951
390599779003032,0,0,0,0,6,4.2,0,3.6,7.8,103529.39868984444,4034.998601467633
390599779003033,0,0,0,0,12,8.4,0,7.2,15.6,103765.8393436392,4041.6102131906587
390599778002010,0,0,0,0,4,2.8,0,2.4,5.2,93667.28920390959,19.478466736333758
390599772003100,0,0,0,0,4,2.8,0,2.4,5.2,58016.766406712726,15.53919000364227
390599772003007,0,0,0,0,2,1.4,0,1.2,2.6,49540.434979371785,10.317660188108611
390599778001030,0,0,0,0,4,2.8,0,2.4,5.2,100085.35396341949,130.47999976445433
390599778002019,0,0,0,0,6,4.2,0,3.6,7.8,102554.79313948649,286.4116149955098
390599771001059,0,0,0,0,32,22.4,0,19.2,41.6,57270.07968498459,128.17967657877
390599772001093,0,0,0,0,23,16.1,0,13.8,29.9,95778.05229142397,137.0777722621627
390599772002081,0,0,0,0,11,7.7,0,6.6,14.3,67566.42071839636,14.027827768050354
390599772002064,0,0,0,0,9,6.3,0,5.4,11.7,97297.19329598252,83.40684841862524
390599776003015,65,0,0,65,26,245.7,78,106.6,430.3,103422.71149683541,2984.261987260974
390599779004041,0,0,0,0,5,3.5,0,3,6.5,100696.12378702787,1321.9282177726548
390599771001080,1,1,0,0,3,2.8,1.2,2.3,6.3,34425.24568598727,15.886429134883041
390599778003046,0,0,0,0,1,0.7,0,0.6,1.3,61128.38199608329,40.441673432270754
390599780003088,0,0,0,0,4,2.8,0,2.4,5.2,38170.09352892955,269.2521352151351
390599775003025,0,0,0,0,2,1.4,0,1.2,2.6,103750.20213112018,23272.59663799664
390599779004046,0,0,0,0,3,2.1,0,1.8,3.9,93194.55458626077,698.942245491169
390599778002057,0,0,0,0,1,0.7,0,0.6,1.3,102669.69873527823,349.7111602175751
390599780001001,10,0,0,10,8,40.6,12,18.8,71.4,90874.97480927398,92.36555270759959
390599780004057,0,0,0,0,3,2.1,0,1.8,3.9,98789.14026476422,412.2646760975268
390599773002064,0,0,0,0,2,1.4,0,1.2,2.6,104000.62822484251,21625.30402084702
390599773002074,0,0,0,0,5,3.5,0,3,6.5,103693.77399262351,21175.240655337915
390599775002008,26,26,0,0,8,23.8,31.2,17.8,72.8,103743.47484123256,19258.827094775646
390599773002065,67,0,0,67,8,240.1,80.4,98.6,419.1,103840.94246115476,22846.88929654461
390599772004067,91,91,0,0,36,88.9,109.2,67.1,265.2,99223.63934172726,361.8594141071156
390599779003043,0,0,0,0,7,4.9,0,4.2,9.1,102061.4051530135,1416.5041206879696
390599778003054,0,0,0,0,1,0.7,0,0.6,1.3,21374.67116945179,1.9923166469604165
390599777003037,0,0,0,0,16,11.2,0,9.6,20.8,99579.29175936217,214.27271988680226
390599777003019,0,0,0,0,10,7,0,6,13,93888.55162683158,24.302048980410746
390599774001021,0,0,0,0,20,14,0,12,26,84825.61189524269,32.69159185284026
390599780004049,0,0,0,0,6,4.2,0,3.6,7.8,99197.43588274038,387.97268519385284
390599772001059,0,0,0,0,24,16.8,0,14.4,31.2,21630.39996080327,36.096203783226095
390599772003033,0,0,0,0,6,4.2,0,3.6,7.8,36903.81389100553,12.025565824307522
390599771004032,0,0,0,0,11,7.7,0,6.6,14.3,1617.3880066572158,13.984525326382121
390599771001083,0,0,0,0,2,1.4,0,1.2,2.6,33496.93297270645,8.788846297500212
390599772004002,0,0,0,0,3,2.1,0,1.8,3.9,100186.58842113742,25.24567926157646
390599780003013,0,0,0,0,1,0.7,0,0.6,1.3,70582.80149611364,1.1728008281667999
390599773002026,0,0,0,0,12,8.4,0,7.2,15.6,104168.66558801534,18286.462133608704
390599777002057,0,0,0,0,17,11.9,0,10.2,22.1,103636.36888384468,474.26862084515415
390599776003016,0,0,0,0,32,22.4,0,19.2,41.6,103904.47086427691,4124.4796207095305
390599772001099,0,0,0,0,2,1.4,0,1.2,2.6,94821.70171987983,86.93397904813732
390599773002084,0,0,0,0,3,2.1,0,1.8,3.9,101195.9850753547,1906.3210434498812
390599772004011,7,7,0,0,7,9.8,8.4,7.7,25.9,74514.38920293665,24.996230039645337
390599778002036,0,0,0,0,4,2.8,0,2.4,5.2,103094.00588688393,342.0007901894205
390599773003036,35,0,0,35,3,124.6,42,50.8,217.4,104264.75919193654,24541.36932338976
390599778002077,0,0,0,0,4,2.8,0,2.4,5.2,71940.81905933039,9.937530864755436
390599777001093,0,0,0,0,5,3.5,0,3,6.5,100886.6629249566,85.66862167126865
390599773002041,0,0,0,0,1,0.7,0,0.6,1.3,103649.797113118,18582.698044035253
390599772002047,0,0,0,0,9,6.3,0,5.4,11.7,65673.14352451739,25.89065942364907
390599771002013,0,0,0,0,9,6.3,0,5.4,11.7,17489.027278430014,31.150744641590993
390599771002036,0,0,0,0,9,6.3,0,5.4,11.7,2441.6089434486776,10.994033701559587
390599772001078,0,0,0,0,2,1.4,0,1.2,2.6,34204.4998198383,3.2821852132311635
390599776002033,14,0,14,0,4,120.4,16.8,68.2,205.4,104766.50340245519,29677.1909343001
390599778004063,0,0,0,0,2,1.4,0,1.2,2.6,98811.0894248431,510.7284465676053
390599774003046,0,0,0,0,5,3.5,0,3,6.5,104186.23996209743,19735.803488150395
390599777001025,0,0,0,0,5,3.5,0,3,6.5,104366.40352962281,760.1043809794149
390599776003003,3,0,0,3,4,13.3,3.6,6.6,23.5,103724.76808708537,7319.300207614319
390599778004012,0,0,0,0,5,3.5,0,3,6.5,99914.16873372326,237.21898940333443
390599771001109,0,0,0,0,11,7.7,0,6.6,14.3,99039.07656588004,161.48467325393497
390599771004037,0,0,0,0,5,3.5,0,3,6.5,37611.98715750808,650.1868999030908
390599779003029,0,0,0,0,3,2.1,0,1.8,3.9,103492.21966386688,4202.031522597527
390599779001012,0,0,0,0,8,5.6,0,4.8,10.4,101147.46713074914,1062.6299494451023
390599775002011,7,0,0,7,19,37.8,8.4,21.2,67.4,103448.63066076179,13436.850620975354
390599771003064,4,4,0,0,24,19.6,4.8,16.4,40.8,33612.33168399621,40.9268838997962
390599772003058,3,0,0,3,6,14.7,3.6,7.8,26.1,65298.07665868101,30.53632786222198
390599777003018,0,0,0,0,8,5.6,0,4.8,10.4,97811.41583146481,26.934913211521167
390599771002015,0,0,0,0,2,1.4,0,1.2,2.6,69455.68172471771,67.3821661528762
390599771004010,0,0,0,0,3,2.1,0,1.8,3.9,36454.403466210446,642.9192816266631
390599779001045,0,0,0,0,10,7,0,6,13,103098.3976239606,4496.89597354123
390599780003083,0,0,0,0,3,2.1,0,1.8,3.9,37532.33321152696,261.2220474708021
390599774003022,0,0,0,0,7,4.9,0,4.2,9.1,103870.36321861112,17913.049949477863
390599771004031,0,0,0,0,3,2.1,0,1.8,3.9,9088.420147681547,4.419058456859113
390599773002066,0,0,0,0,11,7.7,0,6.6,14.3,103851.01526893106,22687.820814234765
390599778004053,0,0,0,0,3,2.1,0,1.8,3.9,90737.8999588337,465.0641942025814
390599771002021,0,0,0,0,2,1.4,0,1.2,2.6,80775.79591509151,36.3657264703083
390599775003018,0,0,0,0,18,12.6,0,10.8,23.4,104043.53038389451,24166.21080666778
390599776003005,0,0,0,0,14,9.8,0,8.4,18.2,103784.50670005703,7250.137424883836
390599779002035,2,0,0,2,6,11.2,2.4,6.4,20,103789.82071864209,4264.619990307668
390599778004059,0,0,0,0,3,2.1,0,1.8,3.9,96900.21655098112,506.77492979624907
390599772003012,0,0,0,0,4,2.8,0,2.4,5.2,72051.15577629242,22.479127398965566
390599773002039,0,0,0,0,4,2.8,0,2.4,5.2,104095.72001000046,18981.13672493485
390599778003006,0,0,0,0,7,4.9,0,4.2,9.1,35254.62441479064,32.18310615381287
390599771001043,0,0,0,0,6,4.2,0,3.6,7.8,10411.247493307885,16.089238334231293
390599778004060,4,0,4,0,2,35,4.8,20,59.8,98599.15293309583,510.1475468129033
390599772004037,0,0,0,0,4,2.8,0,2.4,5.2,101793.993180347,191.1122690120361
390599771004039,0,0,0,0,5,3.5,0,3,6.5,7002.714345995647,9.266987254920112
390599780001053,0,0,0,0,12,8.4,0,7.2,15.6,92248.63831457587,23.699140339448732
390599773002011,0,0,0,0,8,5.6,0,4.8,10.4,103812.3512191087,15638.833249811842
390599779003003,0,0,0,0,9,6.3,0,5.4,11.7,104292.06990379392,4484.655636734197
390599772004071,27,27,0,0,4,21.7,32.4,15.9,70,87288.48479402768,802.5742158797724
390599774001046,2,0,0,2,37,32.9,2.4,25,60.3,99693.67591457773,3866.2064388303793
390599775002000,7,0,0,7,7,29.4,8.4,14,51.8,103635.4283267783,11241.191431893873
390599779002045,29,0,12,17,20,174.3,34.8,92.2,301.3,102987.71340741216,3199.7308154363864
390599772001068,0,0,0,0,1,0.7,0,0.6,1.3,40459.90314045096,2.8071109239167193
390599780003052,0,0,0,0,14,9.8,0,8.4,18.2,31705.8134540298,17.997633228059314
390599778001026,11,8,0,3,20,30.1,13.2,20.2,63.5,88351.53511203783,76.39136596797621
390599772004018,1,1,0,0,7,5.6,1.2,4.7,11.5,92035.30647206056,327.7117217121124
390599778004008,0,0,0,0,16,11.2,0,9.6,20.8,98061.26877087702,230.6530797739803
390599773002085,0,0,0,0,10,7,0,6,13,104148.90059639713,24374.721632061857
390599776001038,0,0,0,0,8,5.6,0,4.8,10.4,104357.06385121224,26885.907287323076
390599775002006,0,0,0,0,15,10.5,0,9,19.5,103772.3964524067,18647.279291012754
390599777003040,0,0,0,0,1,0.7,0,0.6,1.3,104161.0268587275,686.3312509116123
390599777001007,0,0,0,0,8,5.6,0,4.8,10.4,95172.83932742664,14.273045474696097
390599776001027,0,0,0,0,9,6.3,0,5.4,11.7,103591.09235095,6607.922754237954
390599771002135,0,0,0,0,3,2.1,0,1.8,3.9,88320.60900568031,211.8441223389222
390599777001065,0,0,0,0,16,11.2,0,9.6,20.8,59426.350006523186,27.176760254644265
390599780001027,0,0,0,0,1,0.7,0,0.6,1.3,93732.06412013658,23.11792638811208
390599778001029,0,0,0,0,5,3.5,0,3,6.5,99117.37924699804,124.98172345534063
390599780003035,0,0,0,0,5,3.5,0,3,6.5,23722.544096818532,6.08468474723727
390599775002010,0,0,0,0,5,3.5,0,3,6.5,103583.58653867894,14728.94457403043
390599779003009,0,0,0,0,7,4.9,0,4.2,9.1,104305.41914013734,4625.151798258643
390599775001020,0,0,0,0,19,13.3,0,11.4,24.7,104710.98696017048,22988.003286858166
390599780004044,0,0,0,0,1,0.7,0,0.6,1.3,98657.24718353283,412.0303163581783
390599773002071,0,0,0,0,8,5.6,0,4.8,10.4,104037.33070406194,24232.17077630038
390599773001011,0,0,0,0,4,2.8,0,2.4,5.2,102088.47552605193,1703.9480331407533
390599778001064,0,0,0,0,9,6.3,0,5.4,11.7,94281.06317218025,467.19116474026237
390599777003036,0,0,0,0,4,2.8,0,2.4,5.2,103352.38957553584,60.78560040645448
390599776003000,0,0,0,0,1,0.7,0,0.6,1.3,102895.70777584166,5208.29743902705
390599772003018,0,0,0,0,4,2.8,0,2.4,5.2,8782.763607672434,5.98454576998597
390599779003005,0,0,0,0,7,4.9,0,4.2,9.1,104388.01948607793,4739.503273134362
390599779003016,0,0,0,0,43,30.1,0,25.8,55.9,102204.04352000613,1209.435008690064
390599774003023,0,0,0,0,8,5.6,0,4.8,10.4,103633.44162395103,17908.613403983203
390599772002059,0,0,0,0,9,6.3,0,5.4,11.7,95608.95687548153,81.57288619337707
390599778002032,0,0,0,0,1,0.7,0,0.6,1.3,102190.53354457457,343.5683898359225
390599780004059,0,0,0,0,6,4.2,0,3.6,7.8,97527.67898569109,383.05454435433995
390599778002001,0,0,0,0,10,7,0,6,13,98071.42638827098,504.2844083511462
390599773002061,0,0,0,0,4,2.8,0,2.4,5.2,103978.16228380772,21120.045811756856
390599776001006,12,0,0,12,43,72.1,14.4,42.6,129.1,103343.14284826715,10176.10163594675
390599772003044,0,0,0,0,3,2.1,0,1.8,3.9,56847.10960007659,59.7448193018641
390599772004084,10,2,0,8,14,39.2,12,20.6,71.8,98580.43740129108,753.8843282554366
390599771003050,0,0,0,0,2,1.4,0,1.2,2.6,8962.061609743658,2.4920048454821964
390599779001050,1,0,1,0,3,10.5,1.2,6.5,18.2,103763.41223869375,4674.928475341481
390599780002028,0,0,0,0,12,8.4,0,7.2,15.6,81064.15760292645,35.02969465745358
390599771001017,0,0,0,0,5,3.5,0,3,6.5,8629.13919377208,6.142950647035196
390599772002116,0,0,0,0,4,2.8,0,2.4,5.2,65307.13804928909,9.036920175098624
390599771002072,0,0,0,0,5,3.5,0,3,6.5,40639.027704432505,6.299186089035665
390599779004049,0,0,0,0,2,1.4,0,1.2,2.6,101016.69736714524,1260.0107985599257
390599772001035,0,0,0,0,14,9.8,0,8.4,18.2,45860.59245652751,42.925609407111054
390599778004050,0,0,0,0,2,1.4,0,1.2,2.6,96708.63018587689,503.4774756929191
390599777002059,0,0,0,0,1,0.7,0,0.6,1.3,103826.14086403,440.71294195905233
390599772002107,0,0,0,0,3,2.1,0,1.8,3.9,84579.46823724557,7.953151823854721
390599771001007,0,0,0,0,6,4.2,0,3.6,7.8,610.4054721575145,7.898833909153334
390599771001027,0,0,0,0,7,4.9,0,4.2,9.1,10428.8613785637,17.750447836229604
390599779004009,0,0,0,0,8,5.6,0,4.8,10.4,104132.81492593537,3188.4795076831833
390599778003000,0,0,0,0,3,2.1,0,1.8,3.9,57257.96896085552,33.94071626479314
390599779004008,0,0,0,0,6,4.2,0,3.6,7.8,104657.07244380341,3608.334603491755
390599779002017,0,0,0,0,37,25.9,0,22.2,48.1,97454.98557779347,264.78808626727965
390599775004000,0,0,0,0,13,9.1,0,7.8,16.9,103346.52107070216,21248.911199912098
390599772004019,88,64,0,24,76,182,105.6,111.2,398.8,73265.31413521899,412.3565992725207
390599776002051,12,12,0,0,8,13.999999999999998,14.4,10.8,39.2,104846.0614224518,30015.093266186523
390599771003072,0,0,0,0,2,1.4,0,1.2,2.6,43844.74728599899,117.89103119367043
390599773003007,0,0,0,0,7,4.9,0,4.2,9.1,104149.00541426029,24156.73629695137
390599772001014,0,0,0,0,4,2.8,0,2.4,5.2,35659.18703537881,15.047442633848725
390599771002005,0,0,0,0,20,14,0,12,26,14068.676028888283,75.06228996102513
390599771002012,0,0,0,0,2,1.4,0,1.2,2.6,32831.3211731254,4.472625994973925
390599775003007,0,0,0,0,36,25.2,0,21.6,46.8,103966.51687289706,23814.18539250956
390599772003098,5,5,0,0,18,16.1,6,13.3,35.4,55694.02861933759,35.091680142166155
390599777003039,138,136,0,2,51,137.9,165.6,101.4,404.9,101121.61852461503,408.7528387265689
390599779001053,0,0,0,0,1,0.7,0,0.6,1.3,103534.45814159891,4587.5328026705565
390599772001027,0,0,0,0,3,2.1,0,1.8,3.9,27390.775748752894,19.203196267294487
390599772003046,0,0,0,0,2,1.4,0,1.2,2.6,57859.035967637756,25.581563211714144
390599778004009,0,0,0,0,14,9.8,0,8.4,18.2,97915.20407521912,229.72092741939628
390599780003066,0,0,0,0,3,2.1,0,1.8,3.9,74556.35416843473,3.0021739153954377
390599776002038,0,0,0,0,17,11.9,0,10.2,22.1,104894.37081980369,29512.891739161656
390599777002028,0,0,0,0,1,0.7,0,0.6,1.3,102080.60830686867,213.9138486397662
390599775001003,0,0,0,0,5,3.5,0,3,6.5,104257.8998838379,13683.836300783109
390599772001052,0,0,0,0,2,1.4,0,1.2,2.6,8715.666191556704,17.910721904339532
390599778004017,6,6,0,0,1,4.9,7.2,3.6,15.7,99877.90613158705,25.380279222466584
390599780004022,0,0,0,0,9,6.3,0,5.4,11.7,98592.89660492302,375.90950371263403
390599775004011,0,0,0,0,13,9.1,0,7.8,16.9,104338.15174810207,23839.93991538808
390599772001053,0,0,0,0,6,4.2,0,3.6,7.8,13278.357553316651,7.017007218939245
390599775002009,0,0,0,0,9,6.3,0,5.4,11.7,103463.71310536466,16258.268234309173
390599778003038,0,0,0,0,1,0.7,0,0.6,1.3,61128.364876136155,41.10627671450132
390599772002015,0,0,0,0,2,1.4,0,1.2,2.6,13875.190792099791,2.3563181196362377
390599776001019,245,0,242,3,3,2045.4,294,1143.4,3482.8,105135.62936875285,8238.821847836856
390599773003014,0,0,0,0,11,7.7,0,6.6,14.3,103239.37791212031,15903.899491233207
390599778002087,0,0,0,0,1,0.7,0,0.6,1.3,102155.17442329286,349.0789013822242
390599780004062,0,0,0,0,15,10.5,0,9,19.5,91222.2266396862,256.1625795989153
390599779002030,0,0,0,0,10,7,0,6,13,103493.0004690192,4203.003202302446
390599777001060,0,0,0,0,3,2.1,0,1.8,3.9,102816.52294747745,6.4295086171656814
390599774003013,0,0,0,0,10,7,0,6,13,103561.27134150949,14504.225881542392
390599777001098,6,0,0,6,7,25.9,7.2,12.6,45.7,97521.02291263234,99.68863254827296
390599775003003,0,0,0,0,30,21,0,18,39,103509.11559901739,21985.7731445237
390599774003034,0,0,0,0,7,4.9,0,4.2,9.1,103882.88717048259,20104.284696714294
390599771004033,0,0,0,0,9,6.3,0,5.4,11.7,6183.161769882283,11.00449587910432
390599771004026,0,0,0,0,16,11.2,0,9.6,20.8,36030.29224334597,642.444021730335
390599777002025,0,0,0,0,11,7.7,0,6.6,14.3,100659.6585246344,14.066591479575038
390599772002095,0,0,0,0,18,12.6,0,10.8,23.4,52243.21867174983,25.052964249487903
390599779002029,0,0,0,0,1,0.7,0,0.6,1.3,103582.20137554496,3994.594061826835
390599772004081,0,0,0,0,5,3.5,0,3,6.5,96358.36057579392,313.5688500883894
390599780003030,0,0,0,0,9,6.3,0,5.4,11.7,44758.18845984018,19.453301804568266
390599773002079,0,0,0,0,8,5.6,0,4.8,10.4,103945.09577011601,19154.46327978591
390599778004023,0,0,0,0,5,3.5,0,3,6.5,99605.47641206249,239.3928515465053
390599772001080,0,0,0,0,1,0.7,0,0.6,1.3,63333.26364012864,2.4013405171617395
390599778002049,0,0,0,0,7,4.9,0,4.2,9.1,101831.20001728453,342.80308861627935
390599776003022,0,0,0,0,9,6.3,0,5.4,11.7,104094.02198960175,6287.914186153987
390599780004006,0,0,0,0,13,9.1,0,7.8,16.9,84625.81294118993,32.323316944398655
390599775004007,0,0,0,0,23,16.1,0,13.8,29.9,103911.49733156741,21259.70450167722
390599771001102,98,15,0,83,6,305.2,117.6,127.3,550.1,84179.92943454262,655.0866046586746
390599778001034,0,0,0,0,4,2.8,0,2.4,5.2,101705.13692749108,65.53749159889826
390599778002012,0,0,0,0,2,1.4,0,1.2,2.6,102185.92015634858,83.40039476216376
390599776002002,0,0,0,0,24,16.8,0,14.4,31.2,104256.28589874544,24776.030582074058
390599773002036,8,0,5,3,1,53.2,9.6,28.3,91.1,104290.53014285662,19425.621145512774
390599779003027,4,4,0,0,11,10.5,4.8,8.6,23.9,103866.28158789506,4340.942607492398
390599780003009,0,0,0,0,13,9.1,0,7.8,16.9,82047.69427627667,84.2518974237744
390599776001024,0,0,0,0,4,2.8,0,2.4,5.2,105219.97260664466,8216.523008275073
390599780003048,0,0,0,0,8,5.6,0,4.8,10.4,73178.70459380625,24.205610693017938
390599773003001,0,0,0,0,5,3.5,0,3,6.5,103913.50727612819,23304.26527393472
390599774003048,0,0,0,0,29,20.3,0,17.4,37.7,103805.42280818231,19735.55343542732
390599776001041,28,0,9,19,7,147,33.6,73.1,253.7,104943.8990829492,29814.410254765953
390599779001025,22,14,8,0,6,81.2,26.4,48.2,155.8,102878.65432773452,1884.4111291650893
390599771002116,0,0,0,0,3,2.1,0,1.8,3.9,53664.32915966964,5.091709153884943
390599774003047,0,0,0,0,6,4.2,0,3.6,7.8,104078.25432138417,19095.68048404038
390599772004000,0,0,0,0,4,2.8,0,2.4,5.2,99292.74277163613,27.348942308473255
390599771004001,0,0,0,0,7,4.9,0,4.2,9.1,2544.732019468012,9.092841696952554
390599771002041,0,0,0,0,1,0.7,0,0.6,1.3,37024.08363607999,12.52484450269197
390599778001003,0,0,0,0,3,2.1,0,1.8,3.9,100272.64360485514,57.86969436357715
390599779004030,0,0,0,0,8,5.6,0,4.8,10.4,103981.09137416208,2956.7473808747077
390599776002017,90,0,1,89,1,320.6,108,129.9,558.5,104424.7591653621,24427.081214200436
390599771003024,0,0,0,0,1,0.7,0,0.6,1.3,64829.43372776046,3.3827834422843943
390599778004025,0,0,0,0,6,4.2,0,3.6,7.8,94838.50022409356,41.20364917365823
390599778004044,0,0,0,0,9,6.3,0,5.4,11.7,96521.49740029225,496.64690656273837
390599780003050,0,0,0,0,22,15.4,0,13.2,28.6,26502.091305023034,30.881025097386054
390599772003039,0,0,0,0,2,1.4,0,1.2,2.6,40325.02559566452,14.978232953812215
390599773003056,10,0,0,10,6,39.2,12,17.6,68.8,103990.54985012014,17173.94910485646
390599778001025,0,0,0,0,23,16.1,0,13.8,29.9,101210.31403345396,57.839235300311444
390599772002109,0,0,0,0,8,5.6,0,4.8,10.4,79275.14814155316,17.810508784268414
390599779003002,12,0,5,7,8,72.1,14.4,38.1,124.6,104393.48258763064,4475.678276560837
390599771002048,0,0,0,0,4,2.8,0,2.4,5.2,62380.0425637477,5.004840375640635
390599773002070,0,0,0,0,7,4.9,0,4.2,9.1,104088.48738772451,25077.40930080035
390599779004033,0,0,0,0,3,2.1,0,1.8,3.9,100030.5673056364,1369.0761609298504
390599778004051,0,0,0,0,9,6.3,0,5.4,11.7,96304.84625109621,502.53905523760506
390599771003069,0,0,0,0,11,7.7,0,6.6,14.3,7696.788281428537,14.036973590542837
390599779001037,0,0,0,0,5,3.5,0,3,6.5,103817.91311333228,4380.884886465678
390599778001027,0,0,0,0,4,2.8,0,2.4,5.2,99209.72819090236,129.59245992070876
390599779001016,0,0,0,0,13,9.1,0,7.8,16.9,101401.02799790364,1217.0978071448583
390599771002077,4,0,0,4,17,25.9,4.8,15.8,46.5,52783.28719802639,46.962874035963885
390599777001027,31,0,0,31,1,109.2,37.2,44,190.4,103257.96382936393,686.5387239996861
390599771004007,0,0,0,0,3,2.1,0,1.8,3.9,43833.86496076576,167.8173001715056
390599779002034,0,0,0,0,11,7.7,0,6.6,14.3,103473.28852020104,3844.356780682694
390599772004026,0,0,0,0,1,0.7,0,0.6,1.3,83655.00173946477,3.862414499628154
390599772003040,0,0,0,0,7,4.9,0,4.2,9.1,59360.923533953086,22.138681352460047
390599780003039,0,0,0,0,2,1.4,0,1.2,2.6,30534.506570696743,30.364357709008146
390599772002016,0,0,0,0,5,3.5,0,3,6.5,2600.827650977961,6.154216998296365
390599773002078,0,0,0,0,6,4.2,0,3.6,7.8,104071.35225964706,19425.65289940127
390599774003043,0,0,0,0,4,2.8,0,2.4,5.2,103664.76607272745,16097.442244154186
390599772002066,0,0,0,0,1,0.7,0,0.6,1.3,98506.60624587635,84.31548945249025
390599775002026,0,0,0,0,5,3.5,0,3,6.5,103316.27729022883,19101.218064824116
390599776002048,51,4,25,22,3,291.9,61.2,152.1,505.2,104663.01421450605,25056.843974954827
390599778003029,0,0,0,0,1,0.7,0,0.6,1.3,64374.22990607306,24.62155905629438
390599779002021,0,0,0,0,1,0.7,0,0.6,1.3,94802.66838731858,633.7043128734438
390599771003047,0,0,0,0,4,2.8,0,2.4,5.2,34401.07112910215,9.287977565047289
390599771001010,0,0,0,0,10,7,0,6,13,8852.547039609606,28.28217703342144
390599772003090,0,0,0,0,3,2.1,0,1.8,3.9,77863.82174317141,11.193086092402154
390599775001004,0,0,0,0,39,27.3,0,23.4,50.7,103842.78738167376,12806.641746875852
390599777001074,0,0,0,0,1,0.7,0,0.6,1.3,100515.89910017312,3.9836151597677363
390599777001079,0,0,0,0,2,1.4,0,1.2,2.6,82059.38985780149,32.99267699909853
390599773002043,15,0,0,15,22,67.9,18,34.2,120.1,103694.33063128077,18220.263736676145
390599779001047,4,0,4,0,34,57.4,4.8,39.2,101.4,103727.4018378524,4438.445458815137
390599773002021,0,0,0,0,8,5.6,0,4.8,10.4,101170.51129675448,908.2277826954521
390599780004060,3,0,0,3,4,13.3,3.6,6.6,23.5,98379.63968454862,416.6090615985397
390599773003035,6,0,6,0,5,53.9,7.2,31.2,92.3,103921.02526604939,23712.90919464992
390599780003034,0,0,0,0,24,16.8,0,14.4,31.2,24058.59269791509,32.84628614816786
390599779002012,8,8,0,0,5,9.1,9.6,7,25.7,102540.79486350255,5796.843653327087
390599779004018,0,0,0,0,5,3.5,0,3,6.5,104179.85517636986,3618.906058568627
390599777003016,0,0,0,0,12,8.4,0,7.2,15.6,96907.81093448606,18.478653539188134
390599771002060,0,0,0,0,16,11.2,0,9.6,20.8,75143.49278032717,130.0334912248335
390599780002013,0,0,0,0,2,1.4,0,1.2,2.6,87609.9256119063,9.655756499471492
390599779001018,38,8,0,30,1,111.3,45.6,46.6,203.5,100412.14924998856,4893.454039340351
390599778002000,0,0,0,0,29,20.3,0,17.4,37.7,83513.2928613382,83.71975109739364
390599780001035,0,0,0,0,12,8.4,0,7.2,15.6,83810.41181808859,46.766247412415865
390599778001048,0,0,0,0,9,6.3,0,5.4,11.7,99280.26492738817,86.88270655332884
390599771001105,0,0,0,0,5,3.5,0,3,6.5,48071.509821354586,8.13280456714108
390599771001011,0,0,0,0,1,0.7,0,0.6,1.3,6459.209435874583,17.038979387736664
390599772003091,0,0,0,0,1,0.7,0,0.6,1.3,75472.92356728073,5.466341461175442
390599774001014,0,0,0,0,15,10.5,0,9,19.5,101827.41568556092,2989.7749653054866
390599772001123,0,0,0,0,8,5.6,0,4.8,10.4,85460.40801547203,10.058712411911523
390599777001052,0,0,0,0,11,7.7,0,6.6,14.3,92614.27938353128,14.051057430349676
390599771001047,0,0,0,0,12,8.4,0,7.2,15.6,21161.500226206354,17.21530701638928
390599779001023,2,0,0,2,1,7.7,2.4,3.4,13.5,101254.33018717568,1370.4431804432008
390599771001024,0,0,0,0,7,4.9,0,4.2,9.1,6814.546134332034,9.092440100420044
390599780003063,0,0,0,0,6,4.2,0,3.6,7.8,2590.3662536172474,21.739016109963835
390599771002018,0,0,0,0,9,6.3,0,5.4,11.7,37410.118106372065,12.081164195467029
390599780003090,22,22,0,0,5,18.9,26.4,14,59.3,4132.038311385872,59.18210624352897
390599776001012,0,0,0,0,8,5.6,0,4.8,10.4,104653.78278818712,23781.85728982659
390599772002038,0,0,0,0,4,2.8,0,2.4,5.2,46170.163391158756,8.457881573959162
390599771002065,1,0,0,1,16,14.7,1.2,11,26.9,91905.42311947474,26.322126008342437
390599777003055,0,0,0,0,2,1.4,0,1.2,2.6,101871.71796114653,232.61807393453805
390599779001069,0,0,0,0,5,3.5,0,3,6.5,104247.32691352617,4588.7809356141115
390599772001002,0,0,0,0,3,2.1,0,1.8,3.9,5175.73143095329,7.224519328764595
390599771004029,0,0,0,0,11,7.7,0,6.6,14.3,8290.29957986152,26.89809057019706
390599780004013,0,0,0,0,4,2.8,0,2.4,5.2,93882.56838666054,28.42868905452201
390599772002076,0,0,0,0,27,18.9,0,16.2,35.1,63775.01510333742,35.0446326010101
390599777001043,19,3,0,16,50,93.1,22.8,53.9,169.8,80646.1174884406,168.99298064700992
390599778002079,0,0,0,0,17,11.9,0,10.2,22.1,74611.22717141556,40.98894681767935
390599777001080,0,0,0,0,2,1.4,0,1.2,2.6,94854.43495556031,10.798635620358615
390599777003064,0,0,0,0,8,5.6,0,4.8,10.4,99915.97694613192,58.31753516393936
390599772004023,0,0,0,0,3,2.1,0,1.8,3.9,92799.29405427228,72.28491498087116
390599778003047,0,0,0,0,40,28,0,24,52,57166.346053360314,74.48351107835333
390599778003024,3,0,0,3,10,17.5,3.6,10.2,31.3,64004.902630009106,37.78087768424827
390599774001039,0,0,0,0,6,4.2,0,3.6,7.8,95430.91703565729,17.46911487724924
390599774001041,0,0,0,0,27,18.9,0,16.2,35.1,95381.3887777412,1041.3886907481021
390599777001014,38,0,0,38,2,134.4,45.6,54.4,234.4,103931.780452259,720.0100396225661
390599778001004,5,3,0,2,19,22.4,6,15.7,44.1,89681.03854977788,65.70835865397021
390599771002118,0,0,0,0,4,2.8,0,2.4,5.2,16450.479947915483,26.0733132649663
390599778002056,0,0,0,0,2,1.4,0,1.2,2.6,103118.66223483364,348.37558084660066
390599778001020,0,0,0,0,24,16.8,0,14.4,31.2,91667.26102009707,42.712036344839056
390599776002043,0,0,0,0,12,8.4,0,7.2,15.6,104831.7023109359,30075.320967086467
390599778001052,0,0,0,0,15,10.5,0,9,19.5,83336.67169902104,38.89040613254646
390599772002054,0,0,0,0,1,0.7,0,0.6,1.3,68030.59805895716,14.071011922720283
390599771002024,0,0,0,0,5,3.5,0,3,6.5,18301.753757936483,6.3312552256561965
390599778003039,0,0,0,0,3,2.1,0,1.8,3.9,65978.88147436484,44.35194633856275
390599779002001,0,0,0,0,91,63.7,0,54.6,118.3,101084.92646892199,256.45186671392014
390599779003039,0,0,0,0,15,10.5,0,9,19.5,102718.14509553497,2598.7712425015766
390599778001039,2,0,0,2,42,36.4,2.4,28,66.8,99107.25048441355,84.67611069618302
390599771001079,4,4,0,0,4,5.6,4.8,4.4,14.8,48295.05078386513,23.924728123631958
390599778003035,0,0,0,0,12,8.4,0,7.2,15.6,70311.22708847157,30.30796594331388
390599771003014,0,0,0,0,7,4.9,0,4.2,9.1,35123.44679982402,9.522134720527257
390599776002042,0,0,0,0,7,4.9,0,4.2,9.1,104298.07440157523,28259.585856726993
390599774001034,0,0,0,0,7,4.9,0,4.2,9.1,89297.87769876959,39.86341747561908
390599780002023,0,0,0,0,48,33.6,0,28.8,62.4,71580.88558911244,62.04114430852717
390599771002000,7,7,0,0,25,22.4,8.4,18.5,49.3,10544.059166805277,75.78654431546758
390599771002104,0,0,0,0,4,2.8,0,2.4,5.2,29465.07879019821,10.044842111566897
390599777003057,12,10,0,2,20,28,14.4,19.8,62.2,99564.82259503861,86.2070601165275
390599777001088,0,0,0,0,8,5.6,0,4.8,10.4,94803.25603149968,25.20091811377274
390599779002015,9,5,0,4,206,161.7,10.8,131.7,304.2,93999.17159999479,909.0634627489693
390599778003037,0,0,0,0,30,21,0,18,39,9912.151272878516,45.23223130310669
390599780002010,0,0,0,0,31,21.7,0,18.6,40.3,68074.86578071934,52.25205169036343
390599780003118,0,0,0,0,3,2.1,0,1.8,3.9,4480.76270146102,6.384949074731203
390599771001014,0,0,0,0,3,2.1,0,1.8,3.9,729.1991029662227,3.0097866495536687
390599771001096,0,0,0,0,2,1.4,0,1.2,2.6,59228.46748038846,13.156289431914953
